(title "Circumferential Averages")
(labels "Radius" "Specific Dissipation Rate (Omega)")

((xy/key/label "")
0.142001	2.05602e+07
0.14203	2.24668e+06
0.142043	994556
0.14207	642778
0.142088	461195
0.142107	360959
0.142117	300284
0.142161	217527
0.142163	231277
0.142202	177677
0.142205	173287
0.142236	141049
0.142242	141056
0.142273	124789
0.142299	114213
0.142305	114217
0.142346	102493
0.142353	94299.7
0.142362	94307.1
0.142363	94307.4
0.142438	79486.9
0.142444	79489.4
0.142447	79954.3
0.142456	79495
0.142507	72640.4
0.142543	68527
0.142545	68525.6
0.142548	68527.4
0.142553	68530.6
0.142597	64920.2
0.142659	59711
0.142661	59712.7
0.142664	59712.1
0.142665	59714.7
0.142667	59712.6
0.142688	58413.5
0.142794	50918.3
0.142796	50918.7
0.142796	50917.1
0.142798	50918.1
0.142798	50920.7
0.142805	50921.2
0.142806	50923.4
0.142916	43875.9
0.142964	39807.6
0.142966	39807
0.142966	39808.5
0.14297	39809.5
0.142974	39810.6
0.142974	39810.5
0.142976	39809.8
0.142984	39814.1
0.143101	33179.9
0.143164	29424.3
0.143165	29428.8
0.143165	29426.8
0.143167	29428.3
0.143168	29426.6
0.143171	29425.7
0.143176	29430.1
0.143176	29427.2
0.14318	29428.9
0.143184	29433.1
0.143372	22806
0.143401	21897.6
0.143403	21899.1
0.143408	21900.3
0.143409	21899.9
0.143411	21899.7
0.143415	21901.2
0.143415	21902
0.143416	21902.2
0.143416	21900.6
0.143416	21899.9
0.143417	21902.6
0.143422	21900.3
0.143661	18413.4
0.143691	18211.5
0.143692	18212.6
0.143694	18213.1
0.143696	18213.2
0.143702	18213.4
0.143702	18215.2
0.143703	18214.9
0.143703	18214.7
0.143705	18215.2
0.143705	18214.5
0.143708	18215.3
0.14371	18214.1
0.143711	18216.7
0.143718	18215.3
0.143804	17665
0.144045	16600.1
0.144046	16599.1
0.144046	16599.9
0.144046	16601.4
0.144047	16602.1
0.144048	16599.9
0.144049	16598.3
0.144049	16601.7
0.14405	16601.1
0.14405	16598.5
0.144051	16597.1
0.144052	16602.9
0.144053	16598.5
0.144053	16603.4
0.144057	16598.5
0.144058	16603.4
0.144064	16600.8
0.144064	16598.8
0.144297	15958.5
0.144457	15438.8
0.144461	15436.1
0.144464	15436.6
0.144465	15438.2
0.144466	15434.1
0.144466	15438.8
0.144466	15433.8
0.144467	15439.2
0.144467	15438.7
0.144467	15435.7
0.144467	15434.8
0.144468	15435.7
0.144469	15432.8
0.144471	15434.5
0.144473	15433.9
0.144473	15436.6
0.144473	15437.7
0.144474	15433.4
0.144479	15438.8
0.144482	15437.2
0.144485	15441.9
0.144588	15379
0.144947	14784.2
0.144959	14782.3
0.144963	14780.4
0.144963	14785.4
0.144965	14784.5
0.144967	14779.9
0.144967	14779.2
0.144968	14777.4
0.144968	14784
0.144969	14777.9
0.144969	14785.6
0.14497	14784.8
0.144972	14783.5
0.144972	14783.1
0.144973	14777.6
0.144973	14782.1
0.144974	14781.8
0.144974	14778.6
0.144974	14782.3
0.144974	14784.9
0.144974	14782.6
0.144975	14779.5
0.144975	14781.4
0.144979	14780.5
0.144983	14780.1
0.144984	14787.7
0.14514	14661.6
0.145563	14293.9
0.145564	14303.9
0.145567	14301.3
0.145567	14300.4
0.145567	14293.3
0.145567	14294.3
0.145568	14299.3
0.145568	14299.2
0.145569	14300.1
0.145569	14295.9
0.14557	14297.1
0.145571	14295.1
0.145571	14302.9
0.145571	14305.1
0.145572	14303.2
0.145572	14305.4
0.145572	14302.5
0.145573	14296.3
0.145573	14296
0.145574	14298.7
0.145575	14300.3
0.145575	14303.9
0.145575	14306.6
0.145576	14306.6
0.145576	14302.3
0.145576	14298.4
0.145578	14298.3
0.145579	14301.8
0.145581	14295
0.145582	14299.9
0.145585	14305.4
0.14563	14261.2
0.146206	13421.4
0.146222	13363.6
0.146223	13356.7
0.146226	13351
0.146231	13356.2
0.146231	13353.1
0.146232	13354.3
0.146232	13360.2
0.146232	13361.5
0.146234	13359.4
0.146234	13356
0.146234	13354.7
0.146235	13356
0.146236	13350.9
0.146236	13355.7
0.146237	13352.2
0.146237	13362.7
0.146239	13364.4
0.14624	13365.4
0.14624	13361.9
0.146241	13359
0.146241	13364.5
0.146242	13350.9
0.146242	13354
0.146242	13359.4
0.146243	13358
0.146243	13361
0.146243	13353.7
0.146244	13352
0.146244	13361.5
0.146244	13364.3
0.146251	13364.1
0.14627	13342.1
0.14678	12192
0.146895	11853.1
0.146903	11844.3
0.146904	11843.8
0.146905	11835.4
0.146907	11841.2
0.146907	11850.9
0.146908	11839.8
0.146908	11836.7
0.146908	11847.7
0.146909	11847.4
0.146909	11848.5
0.146909	11836
0.14691	11838.6
0.14691	11846.1
0.146911	11838.2
0.146912	11839.6
0.146912	11855.4
0.146913	11837.8
0.146914	11843.1
0.146914	11853
0.146914	11849.6
0.146915	11843.7
0.146915	11845.6
0.146915	11852.4
0.146917	11842.9
0.146917	11854.4
0.146918	11841.2
0.146919	11847.2
0.14692	11843.7
0.14692	11851.4
0.14692	11854
0.146924	11851.1
0.147338	10940.6
0.147575	10423.1
0.147578	10421.2
0.147578	10416.8
0.147578	10414.2
0.14758	10430.3
0.147581	10432.9
0.147582	10428.5
0.147583	10429.5
0.147584	10427.3
0.147584	10419.7
0.147585	10427.2
0.147585	10420.7
0.147585	10434.6
0.147586	10415.9
0.147586	10420.1
0.147587	10415.6
0.147588	10429.9
0.147588	10422.8
0.147588	10416.8
0.147591	10418.5
0.147591	10425.6
0.147592	10414.3
0.147593	10412.2
0.147593	10432.1
0.147593	10425.4
0.147594	10433.9
0.147594	10426.4
0.147594	10432.6
0.147595	10435.7
0.147595	10424.6
0.147596	10413.6
0.147596	10419.4
0.147885	9713.21
0.148246	8999.6
0.148248	8999.38
0.148248	9016.03
0.148248	9018.1
0.148252	9015.07
0.148252	9002.11
0.148253	9005.98
0.148254	9010.04
0.148256	9004
0.148256	9017.91
0.148257	9004.76
0.148258	9013.85
0.148258	9007.48
0.148259	9019.13
0.14826	9012.4
0.14826	9001.96
0.14826	9005.37
0.148261	9009.1
0.148261	9001.51
0.148262	9011.11
0.148262	9009.92
0.148262	9013.26
0.148263	8999.17
0.148264	9017.16
0.148266	9003.71
0.148266	9012.2
0.148269	9016.66
0.14827	9007.21
0.14827	9021.05
0.148271	9015.1
0.148274	9021.83
0.148274	9009.06
0.14845	8675.04
0.14892	7991.91
0.148925	8005.9
0.148926	8003.81
0.148927	8002.55
0.148929	7996.31
0.14893	7990.15
0.14893	7994.8
0.148932	7999.85
0.148932	7998.71
0.148932	7988.59
0.148933	7997.39
0.148934	7988.05
0.148935	7995.79
0.148937	8005.48
0.148937	7987.59
0.148938	7992.05
0.148938	8001.09
0.148938	7993.98
0.148938	7991.41
0.148938	7994.77
0.148939	7986.78
0.148939	7993.56
0.148939	8000.58
0.14894	8001.75
0.14894	8002.15
0.148941	8005.63
0.148943	8003.84
0.148943	7990.69
0.148944	8011.16
0.148945	7998.99
0.148946	7989.91
0.148951	7998.42
0.149038	7958.25
0.149559	7843.42
0.149596	7815.36
0.149597	7805.97
0.149598	7808.39
0.149602	7812.24
0.149605	7807.71
0.149607	7810.91
0.149607	7804.49
0.149608	7813.37
0.149609	7812.13
0.149609	7800.36
0.149611	7797.84
0.149611	7810.56
0.149612	7802.05
0.149612	7815.92
0.149614	7809.56
0.149617	7801.57
0.149617	7806.66
0.149617	7799.6
0.149617	7804.38
0.149618	7814.51
0.149618	7806.22
0.149619	7798.81
0.149619	7803.58
0.14962	7815.39
0.14962	7804.56
0.149621	7817
0.149622	7817.97
0.149623	7809.12
0.149625	7803.61
0.149626	7811.72
0.14963	7800.35
0.149661	7803.19
0.150164	7919.44
0.150278	7836.83
0.150278	7837.33
0.150278	7844.3
0.150279	7840.32
0.15028	7835.73
0.15028	7836.45
0.15028	7848.33
0.150281	7835.04
0.150282	7842.91
0.150282	7832.4
0.150282	7841.72
0.150282	7845.49
0.150283	7841.05
0.150283	7848.26
0.150283	7834.46
0.150283	7839.16
0.150285	7849.84
0.150285	7846.32
0.150286	7850.8
0.150287	7839.88
0.150288	7834.05
0.15029	7842.84
0.150292	7844.33
0.150293	7831.98
0.150293	7849.64
0.150293	7833.67
0.150296	7846.72
0.150296	7838.74
0.150296	7852.46
0.150301	7852.4
0.150313	7837.95
0.150314	7848.61
0.150731	8003.9
0.150951	7887.94
0.150952	7896.9
0.150952	7894.59
0.150952	7886.9
0.150953	7886.41
0.150957	7892.43
0.150957	7892.9
0.150958	7889.72
0.150958	7880.42
0.150959	7894.34
0.15096	7879.9
0.15096	7890.78
0.15096	7884.97
0.15096	7891.57
0.150961	7897.66
0.150962	7896.58
0.150962	7895.46
0.150963	7883.38
0.150964	7879.56
0.150965	7893.59
0.150965	7881.26
0.150965	7878.59
0.150967	7878.13
0.150969	7886.12
0.15097	7876.71
0.15097	7889.46
0.15097	7884.68
0.15097	7890.93
0.15097	7882.16
0.150971	7886.6
0.150973	7883.49
0.150974	7899.8
0.151315	8047.43
0.15162	7924.79
0.151624	7911.86
0.151631	7926.38
0.151631	7928.9
0.151632	7914.32
0.151632	7919.24
0.151632	7920.44
0.151633	7916.06
0.151634	7908.78
0.151635	7915.9
0.151635	7911.07
0.151635	7916.98
0.151636	7913.78
0.151637	7918.44
0.151638	7912.57
0.151638	7928.01
0.151638	7923.59
0.151639	7915.33
0.15164	7923.04
0.15164	7926.82
0.15164	7908.31
0.151641	7922.3
0.151641	7910.57
0.151641	7910.93
0.151642	7907.59
0.151642	7918.42
0.151643	7924.63
0.151643	7909.92
0.151645	7920.21
0.151654	7925.81
0.151654	7922.17
0.151656	7907.52
0.15187	8077.72
0.152287	7951.82
0.152295	7927.4
0.152297	7934.8
0.152302	7920.65
0.152303	7923.86
0.152305	7925.61
0.152307	7931.83
0.152307	7938.23
0.152307	7929.3
0.152309	7922.21
0.152309	7926.74
0.15231	7933.1
0.15231	7934.52
0.15231	7931.75
0.152312	7929.07
0.152312	7930.18
0.152313	7930.96
0.152313	7933.96
0.152313	7939.44
0.152314	7921.43
0.152314	7925.27
0.152315	7924.77
0.152315	7920.26
0.152316	7937.28
0.152316	7936.85
0.152318	7918.81
0.152319	7919.52
0.152321	7928.27
0.152321	7922.85
0.152321	7938.96
0.152323	7923.57
0.152326	7936.5
0.152446	8061.1
0.152933	8028.7
0.152972	7935.37
0.152974	7930.43
0.152974	7932.71
0.152977	7944.38
0.152979	7945.42
0.152979	7934.37
0.152981	7942.44
0.152982	7943.31
0.152982	7937.24
0.152983	7946.35
0.152983	7939.32
0.152983	7930.14
0.152983	7932.82
0.152984	7933.93
0.152986	7939.01
0.152986	7928.19
0.152987	7938.95
0.152987	7930.06
0.152987	7927.58
0.152988	7927.61
0.152988	7936.12
0.152988	7941.14
0.152988	7929.42
0.152989	7947.61
0.152989	7935.54
0.15299	7942.5
0.152991	7932.35
0.152991	7944.27
0.152991	7940.95
0.152992	7947.13
0.152993	7938.34
0.153077	8014.75
0.153522	8066.33
0.15365	7934.05
0.153651	7925.15
0.153655	7932.1
0.153656	7925.5
0.153657	7928.76
0.153657	7929.8
0.153657	7923.6
0.153658	7919.74
0.153658	7922.07
0.153659	7921.45
0.15366	7927.08
0.15366	7928.33
0.15366	7927.64
0.15366	7938.04
0.153661	7933.44
0.153661	7924.63
0.153662	7934.01
0.153662	7922.85
0.153663	7932.6
0.153664	7936.15
0.153665	7936.71
0.153665	7931.81
0.153666	7939.74
0.153667	7924.46
0.153667	7931.11
0.153671	7935.55
0.153671	7920.51
0.153673	7921.17
0.153675	7939.44
0.153677	7929.94
0.153678	7939.38
0.153705	7962.3
0.154109	8114.32
0.154326	7917.77
0.154329	7923.13
0.154329	7913.75
0.154329	7910.91
0.154331	7919.99
0.154331	7924.08
0.154331	7916.27
0.154332	7910.56
0.154332	7926.51
0.154332	7912.51
0.154333	7921.42
0.154335	7926.24
0.154336	7918.67
0.154336	7914.44
0.154336	7922.01
0.154337	7913.05
0.154337	7919.44
0.154337	7913.41
0.154338	7920.58
0.154339	7912.07
0.15434	7922.31
0.15434	7923.26
0.154341	7917.75
0.154343	7915.7
0.154345	7910.57
0.154345	7917.03
0.154345	7925.31
0.154346	7922.27
0.154347	7926.09
0.154347	7909.96
0.154352	7928.33
0.154353	7909.43
0.154704	8171.58
0.154988	7919.72
0.154998	7908.68
0.154998	7917.95
0.155002	7906.37
0.155004	7913.38
0.155004	7916.85
0.155004	7916.01
0.155007	7908.77
0.155008	7920.97
0.155008	7913.2
0.15501	7903.7
0.155011	7915.37
0.155011	7913.28
0.155012	7918.07
0.155012	7910.69
0.155014	7912.7
0.155015	7919.53
0.155015	7911.74
0.155015	7910.34
0.155016	7904.16
0.155017	7903.48
0.155017	7904.75
0.155018	7911.46
0.155019	7908.07
0.15502	7919.15
0.15502	7907.64
0.15502	7908.34
0.155021	7915.27
0.155022	7918.6
0.155025	7906.27
0.155026	7906.62
0.155029	7916.69
0.155258	8135.3
0.155667	7919.83
0.155673	7889.76
0.155673	7901.52
0.155678	7888.47
0.155681	7897.44
0.155681	7892.62
0.155683	7889.31
0.155683	7888.26
0.155685	7896.96
0.155685	7886.09
0.155685	7900.99
0.155685	7888.12
0.155686	7892.11
0.155686	7886.41
0.155686	7891.82
0.155687	7899.9
0.155688	7893.72
0.155688	7899.3
0.155688	7887.57
0.155689	7902.89
0.15569	7896.42
0.15569	7901.33
0.155691	7899.15
0.155695	7891.87
0.155696	7896.43
0.155696	7894.03
0.155697	7901.07
0.155697	7886.22
0.155699	7890.38
0.1557	7895.51
0.155701	7898.23
0.155705	7895.7
0.15587	8090.41
0.15628	7935.09
0.156354	7873.66
0.156355	7878.35
0.156355	7883.69
0.156355	7869.08
0.156358	7872.76
0.156358	7881.3
0.156358	7874.75
0.156358	7881.4
0.156359	7882.31
0.15636	7879.43
0.15636	7871.48
0.156362	7877.36
0.156362	7875.64
0.156363	7875.2
0.156363	7870.92
0.156364	7884.72
0.156364	7873.77
0.156364	7877.77
0.156365	7883.33
0.156365	7881.4
0.156365	7870.06
0.156365	7871.68
0.156366	7876.57
0.156367	7884.77
0.156367	7880.66
0.156368	7879.4
0.156368	7877.87
0.156368	7872.92
0.156369	7879.82
0.15637	7869.27
0.156374	7871.51
0.15647	8031.7
0.156885	7967.67
0.157029	7854.16
0.15703	7856.95
0.15703	7864.32
0.15703	7865.22
0.157031	7866.28
0.157031	7852.81
0.157033	7857.64
0.157033	7861.64
0.157034	7863.22
0.157035	7864.25
0.157035	7863.87
0.157035	7856.57
0.157037	7855.36
0.157038	7853.78
0.157039	7854.24
0.157039	7861.17
0.157039	7863.28
0.15704	7859.77
0.15704	7862.26
0.157041	7860.01
0.157041	7855.9
0.157042	7861.38
0.157042	7858.88
0.157044	7856.87
0.157044	7867.7
0.157044	7860.35
0.157045	7857.57
0.157046	7858.46
0.157046	7865.87
0.157047	7853.24
0.157051	7867.27
0.157098	7978.08
0.157483	8013.62
0.157697	7845.67
0.157699	7851.42
0.157701	7841.28
0.157702	7849.23
0.157704	7851.2
0.157704	7853.56
0.157704	7849.58
0.157705	7841.17
0.157706	7842.75
0.157707	7840.72
0.157707	7847.69
0.157708	7848.49
0.157708	7844.46
0.157709	7848.79
0.157712	7846.68
0.157712	7843.81
0.157713	7847.36
0.157713	7844.14
0.157713	7850.7
0.157713	7854.02
0.157714	7850.44
0.157715	7845.83
0.157715	7845.3
0.157717	7845.86
0.157718	7843.28
0.157718	7848.94
0.15772	7853.53
0.157721	7853.27
0.157721	7847.98
0.157721	7842.16
0.157732	7853.36
0.157742	7900.9
0.158057	8021.96
0.158379	7825.34
0.158381	7830.11
0.158382	7824.86
0.158384	7828.37
0.158384	7827.65
0.158384	7832.1
0.158385	7829.66
0.158386	7829.83
0.158386	7826.31
0.158387	7832.71
0.158387	7834.37
0.158388	7831.7
0.158389	7833.57
0.158389	7833.13
0.158389	7834.08
0.158389	7828.91
0.158389	7824.99
0.158389	7827.24
0.158391	7835.65
0.158391	7827.47
0.158391	7825.61
0.158392	7832.23
0.158393	7835.23
0.158393	7833.73
0.158393	7839.82
0.158394	7830.4
0.158394	7826.53
0.158398	7831.5
0.158398	7829.03
0.158399	7827.52
0.1584	7836.3
0.158412	7835.92
0.158648	8036.54
0.15902	7825.76
0.159049	7811.87
0.159049	7820.91
0.159051	7815.58
0.159053	7817.23
0.159054	7814.13
0.159054	7819.79
0.159055	7812.4
0.159056	7814.87
0.159056	7813.14
0.159057	7815.09
0.159058	7813.26
0.159059	7813.97
0.159059	7816.75
0.159062	7818.17
0.159062	7816.3
0.159063	7818.72
0.159063	7811.72
0.159063	7812.41
0.159063	7820.8
0.159063	7817.27
0.159063	7814.37
0.159064	7819.88
0.159064	7820.01
0.159065	7819.54
0.159067	7818.61
0.159067	7815.17
0.159068	7817.47
0.159072	7816.6
0.159073	7813.22
0.159073	7811.93
0.159075	7819.64
0.159237	8017.19
0.159638	7826.02
0.159729	7806.42
0.159731	7805.25
0.159732	7804.92
0.159733	7804.25
0.159733	7808.57
0.159733	7802.66
0.159733	7805.02
0.159734	7807.73
0.159735	7807.46
0.159736	7803.52
0.159736	7809.7
0.159736	7809.43
0.159737	7803.16
0.159737	7806.39
0.159737	7810.71
0.159738	7805.88
0.159739	7806.51
0.159739	7802.73
0.15974	7804.02
0.159741	7807.03
0.159741	7803.55
0.159743	7805.28
0.159744	7809.09
0.159744	7810.02
0.159745	7809.05
0.159745	7810.71
0.159745	7810.14
0.159747	7808.63
0.159748	7806.48
0.15975	7808.54
0.15975	7805.08
0.159859	7934.07
0.160247	7823.86
0.160402	7790.22
0.160403	7790.29
0.160404	7790.75
0.160404	7787.89
0.160406	7788.8
0.160407	7790.83
0.160408	7793.14
0.160409	7793.23
0.16041	7791.68
0.16041	7791.93
0.16041	7791.6
0.16041	7794.18
0.160411	7789.41
0.160412	7793.34
0.160412	7789.72
0.160414	7790.65
0.160414	7793.03
0.160414	7791.53
0.160414	7792.35
0.160414	7789.9
0.160414	7792.4
0.160415	7793.26
0.160416	7788.85
0.160417	7793.25
0.160418	7790.77
0.160418	7790.85
0.16042	7788.85
0.160421	7789.32
0.160422	7792.53
0.160423	7790.12
0.160425	7793.26
0.160479	7866.05
0.160856	7832.64
0.161071	7776.72
0.161077	7775.91
0.161078	7778.14
0.16108	7778.2
0.16108	7774.75
0.161082	7774.82
0.161082	7777.03
0.161082	7776.17
0.161083	7777.52
0.161083	7775.45
0.161085	7778.17
0.161085	7777.76
0.161086	7775.42
0.161087	7775.38
0.161087	7776.96
0.161089	7776.36
0.161089	7776.91
0.161089	7778.16
0.16109	7777.95
0.161093	7779.11
0.161093	7776.64
0.161093	7777.41
0.161094	7777.47
0.161094	7776.72
0.161094	7776.3
0.161094	7776.16
0.161097	7776.68
0.161097	7777.69
0.161097	7778.25
0.161102	7777.23
0.161102	7777.44
0.161119	7806.85
0.161425	7833.49
0.161746	7769.95
0.161753	7767.71
0.161753	7767.16
0.161755	7767.45
0.161756	7767.12
0.161757	7766.72
0.161758	7767.05
0.161758	7767.04
0.161758	7767.71
0.161759	7766.92
0.16176	7767.25
0.161761	7767.16
0.161763	7767.15
0.161764	7767.08
0.161764	7767.89
0.161764	7766.99
0.161764	7768.61
0.161765	7767.8
0.161766	7767.75
0.161766	7766.71
0.161766	7766.72
0.161766	7767.61
0.161767	7767.59
0.161769	7768.24
0.161769	7767.02
0.161769	7767.9
0.16177	7767.19
0.161771	7767.26
0.161772	7767.15
0.161772	7767.03
0.161774	7768.28
0.161776	7768.52
0.162014	7791.18
0.162379	7746.09
0.162427	7744.85
0.162428	7744.91
0.162429	7745.01
0.16243	7744.68
0.162431	7745.08
0.162432	7745.33
0.162432	7745.13
0.162433	7745.73
0.162434	7745.72
0.162435	7745.99
0.162435	7745.25
0.162436	7745.07
0.162437	7745.07
0.162438	7746.15
0.162438	7745.83
0.162438	7745.75
0.162438	7746.1
0.162439	7745.78
0.162441	7745.79
0.162442	7745.46
0.162442	7746.52
0.162444	7745.91
0.162444	7745.08
0.162444	7745.83
0.162444	7745.78
0.162445	7745.37
0.162446	7746.28
0.162446	7746.11
0.162446	7746.61
0.162456	7746.38
0.162464	7746.12
0.162621	7741.22
0.163001	7722
0.163099	7723.24
0.163099	7725.21
0.163099	7722.69
0.163101	7723.86
0.163106	7724.82
0.163107	7723.72
0.163107	7724.03
0.163107	7724.89
0.163108	7724.22
0.163108	7724.6
0.163108	7722.7
0.163109	7723.29
0.16311	7725.32
0.163113	7723.45
0.163113	7726.08
0.163114	7725.3
0.163114	7723.9
0.163114	7724.29
0.163115	7723.36
0.163115	7724.2
0.163115	7725.76
0.163116	7724.35
0.163116	7725.48
0.16312	7724.6
0.163122	7724.25
0.163123	7725.64
0.163123	7726.16
0.163126	7725.69
0.163127	7725.58
0.163129	7723.68
0.163132	7725.19
0.163227	7688.75
0.163588	7683.95
0.163779	7694.48
0.163781	7693.69
0.163783	7691.58
0.163783	7694.25
0.163783	7695.04
0.163783	7692.05
0.163785	7692.74
0.163787	7692.58
0.163788	7694.33
0.163789	7694.2
0.163789	7691.84
0.163789	7692.9
0.163789	7694.41
0.163789	7693.69
0.16379	7695.67
0.16379	7695.2
0.163791	7693.95
0.163791	7692.25
0.163792	7692.6
0.163792	7691.45
0.163792	7694.42
0.163793	7691.75
0.163794	7693.06
0.163794	7694.98
0.163795	7691.76
0.163796	7693.04
0.163796	7696.45
0.163797	7694.64
0.163799	7693.98
0.1638	7694.4
0.163803	7696.2
0.163866	7662.27
0.164177	7661.89
0.164446	7705.42
0.164448	7711.29
0.164451	7708.7
0.164457	7708.32
0.164457	7709.58
0.164459	7706.98
0.164461	7711.07
0.164462	7709.82
0.164462	7710.88
0.164463	7707.4
0.164463	7711.34
0.164464	7705.92
0.164464	7709.1
0.164465	7709.33
0.164465	7706.5
0.164466	7712.58
0.164467	7710.52
0.164467	7708.26
0.164467	7705.94
0.164467	7711.92
0.164468	7708.87
0.164468	7711.55
0.164469	7707.46
0.164469	7710.71
0.164471	7713.06
0.164474	7710.51
0.164474	7708.77
0.164476	7707.54
0.164476	7711.28
0.164481	7708.14
0.164482	7708.86
0.164492	7700.91
0.164784	7597.41
0.16512	7694.02
0.165123	7693.52
0.165124	7699.99
0.165126	7694.08
0.165131	7698.05
0.165131	7699.59
0.165131	7698.81
0.165132	7698.46
0.165132	7693.43
0.165133	7695.05
0.165133	7696.87
0.165139	7699.38
0.165139	7696.59
0.16514	7701.09
0.16514	7698.74
0.16514	7696.43
0.165141	7695.65
0.165141	7699.91
0.165142	7697.57
0.165143	7698.2
0.165144	7697.54
0.165147	7697.54
0.165147	7695.97
0.165148	7694.58
0.165149	7701.4
0.16515	7696.85
0.165151	7699.69
0.165152	7695.45
0.165152	7696.98
0.165153	7698
0.165156	7701.49
0.165163	7694.54
0.165392	7553.46
0.165734	7677.24
0.165804	7686.58
0.165805	7691.53
0.165806	7687.49
0.165806	7691.81
0.165808	7686.43
0.165808	7685.23
0.165809	7693.38
0.16581	7689.12
0.165811	7685.43
0.165811	7693.12
0.165811	7684.82
0.165813	7692.81
0.165813	7688.55
0.165813	7685.91
0.165814	7688.64
0.165814	7691.61
0.165814	7692.51
0.165815	7690.32
0.165815	7685.28
0.165815	7688.45
0.165817	7685.98
0.165817	7687.47
0.165818	7689.95
0.165818	7688
0.165818	7690.3
0.165821	7689.21
0.165821	7694.36
0.165822	7691.67
0.165823	7684.99
0.165824	7691.19
0.165826	7691.77
0.166001	7513.43
0.166336	7650.26
0.166475	7679.35
0.166481	7680.13
0.166483	7671.33
0.166483	7675.72
0.166483	7677.69
0.166484	7681.52
0.166484	7674.03
0.166484	7673.43
0.166485	7674.01
0.166487	7678.12
0.166487	7674.5
0.166488	7681.33
0.16649	7673.56
0.166491	7681.51
0.166492	7679.27
0.166492	7683.23
0.166492	7675.12
0.166492	7679.32
0.166493	7683.03
0.166493	7676.63
0.166495	7677.72
0.166497	7676.26
0.166497	7676.37
0.166497	7678.68
0.166497	7683.92
0.166497	7676.1
0.166501	7679.3
0.166504	7672.92
0.166504	7674.24
0.166504	7683.08
0.166508	7681.7
0.166607	7544.77
0.166927	7585.36
0.167153	7667.03
0.167153	7666.41
0.167154	7660.19
0.167154	7661.73
0.167156	7656.42
0.167156	7657.39
0.167159	7660.64
0.167161	7663.47
0.167161	7658.32
0.167162	7666.63
0.167163	7661.01
0.167163	7657.66
0.167164	7664.7
0.167164	7656.23
0.167165	7655.48
0.167166	7659.49
0.167166	7658.39
0.167166	7665.2
0.167167	7666.36
0.167168	7663.74
0.167169	7655.63
0.167169	7662.21
0.16717	7663.23
0.167171	7660.25
0.167172	7666.14
0.167174	7659.4
0.167175	7656.27
0.167179	7662.4
0.16718	7668.67
0.167182	7666.67
0.167182	7663.5
0.16722	7581.32
0.167543	7496.38
0.167827	7652.93
0.167828	7643.78
0.16783	7640.47
0.16783	7650.64
0.167832	7641.84
0.167835	7647.63
0.167835	7645.62
0.167837	7655.12
0.167837	7653.8
0.167838	7641.75
0.16784	7652.58
0.16784	7651.1
0.167842	7643.51
0.167842	7646.98
0.167842	7654.66
0.167842	7649.74
0.167843	7647.88
0.167845	7643.52
0.167845	7649.22
0.167845	7650.33
0.167847	7646.74
0.167847	7646.22
0.167848	7644.83
0.167848	7651.67
0.167848	7644.11
0.167851	7650.28
0.167851	7656.12
0.167853	7649.19
0.167854	7653.86
0.167859	7652.93
0.16786	7612.18
0.167862	7645.43
0.168126	7403.9
0.16848	7626.75
0.168506	7635.11
0.168507	7643.34
0.168508	7634.56
0.16851	7642.15
0.168511	7634.23
0.168511	7639.48
0.168512	7645.28
0.168512	7632.46
0.168513	7646.04
0.168514	7637.62
0.168514	7637.53
0.168515	7637.98
0.168515	7640.4
0.168517	7636.27
0.168517	7644.14
0.168518	7641.58
0.168519	7646.42
0.168519	7632.01
0.168519	7635.49
0.16852	7641.35
0.16852	7637.49
0.16852	7640.06
0.16852	7643.83
0.168521	7641.94
0.168524	7644.63
0.168525	7643.78
0.168526	7643.59
0.168527	7634.28
0.168527	7632.84
0.168532	7634.58
0.168535	7640.11
0.168744	7386.95
0.169108	7596.14
0.169171	7623.59
0.169175	7637.18
0.169177	7635.89
0.16918	7636.58
0.169182	7623.29
0.169184	7632.97
0.169186	7626.3
0.169186	7625.45
0.169186	7630.55
0.169187	7622.98
0.169187	7630.47
0.169188	7628.99
0.169188	7636.31
0.169189	7634.71
0.169191	7627.35
0.169192	7630.31
0.169193	7638.3
0.169193	7635.78
0.169194	7639.36
0.169195	7627.57
0.169196	7633.87
0.169198	7639.4
0.169198	7634.21
0.169199	7627.17
0.169202	7630.5
0.169203	7632.07
0.169205	7625.18
0.169205	7629.31
0.169205	7632.83
0.169206	7632.65
0.169212	7624.83
0.169329	7422.01
0.169691	7518.73
0.169851	7613.84
0.169854	7624.22
0.169855	7623.56
0.169857	7616.62
0.169859	7625.06
0.169861	7612.43
0.169861	7629.34
0.169861	7612.54
0.169863	7614.03
0.169863	7627.9
0.169864	7622.36
0.169864	7627.97
0.169865	7617.96
0.169866	7617.42
0.169866	7619.12
0.169866	7619.14
0.169866	7629.44
0.169868	7614.81
0.169868	7627.28
0.169869	7626.38
0.169871	7616.27
0.169872	7623.15
0.169872	7621.31
0.169873	7616.27
0.169873	7622.04
0.169874	7625.37
0.169874	7627.38
0.169876	7620.93
0.169877	7622.56
0.169884	7620.3
0.169889	7614.53
0.16995	7458.82
0.170273	7438.39
0.170529	7604.89
0.170529	7614.26
0.170531	7621.21
0.170531	7608.46
0.170535	7612.67
0.170537	7612.45
0.170537	7618.55
0.170537	7620.46
0.170539	7609.87
0.17054	7618.09
0.170542	7614.68
0.170542	7614.3
0.170542	7619.75
0.170542	7611.66
0.170543	7607.57
0.170544	7612.53
0.170544	7617.62
0.170545	7619.64
0.170546	7615.69
0.170548	7606.28
0.170548	7618.58
0.170549	7610.94
0.170549	7607.26
0.170549	7601.24
0.170549	7622.46
0.17055	7609.81
0.170551	7616.99
0.170553	7607.27
0.170554	7621.91
0.170556	7608.85
0.170563	7623.98
0.170581	7538.91
0.170878	7380.94
0.171198	7597.34
0.171204	7590.57
0.171207	7595.47
0.17121	7608.86
0.171212	7587.75
0.171212	7591.32
0.171212	7602.17
0.171212	7594.52
0.171213	7607.22
0.171213	7601.77
0.171215	7606.52
0.171215	7603.61
0.171215	7600.56
0.171216	7601.12
0.171216	7599.14
0.171218	7596.54
0.17122	7593.61
0.17122	7606.6
0.171222	7592.61
0.171225	7607.82
0.171225	7596.36
0.171227	7606.2
0.171227	7609.64
0.171228	7598.99
0.171229	7603.75
0.171229	7595.14
0.17123	7605.62
0.171231	7594.99
0.171231	7604.57
0.171232	7597.42
0.171233	7600.48
0.171237	7611.07
0.171497	7338.97
0.171829	7547.78
0.171876	7586.23
0.171881	7584.24
0.171882	7595.71
0.171883	7596.28
0.171884	7591.45
0.171891	7594.02
0.171892	7598.58
0.171892	7603.42
0.171893	7601.01
0.171893	7593.24
0.171895	7602.54
0.171895	7586.01
0.171895	7586.7
0.171896	7597.82
0.171896	7588.55
0.171897	7597.94
0.171898	7587.49
0.171898	7595.37
0.171898	7604.21
0.171899	7592.01
0.1719	7584.46
0.1719	7595.35
0.171901	7601.33
0.171901	7593.98
0.171902	7592.72
0.171902	7601.78
0.171905	7590.71
0.171906	7600.2
0.171906	7589.58
0.171908	7589
0.171909	7591.68
0.172097	7381.16
0.17244	7481.88
0.172547	7581.53
0.172555	7598.43
0.17256	7596.18
0.172562	7585.99
0.172565	7594.42
0.172565	7587.1
0.172565	7585.18
0.172566	7592.72
0.172566	7589.42
0.172567	7592.22
0.172567	7583.56
0.172568	7590.59
0.172568	7600.58
0.172569	7593.71
0.172569	7588.32
0.172569	7583.82
0.172572	7597.65
0.172572	7590.45
0.172572	7599.86
0.172572	7602.16
0.172573	7595.67
0.172574	7590.98
0.172576	7592.41
0.172577	7595.15
0.172577	7588.42
0.17258	7598.03
0.172581	7598.39
0.172581	7586.5
0.172583	7601.37
0.172583	7583.5
0.172584	7602.74
0.172683	7442.05
0.173035	7394.75
0.173224	7590.59
0.173225	7589.58
0.173226	7577.86
0.173229	7580.77
0.173234	7588.2
0.173236	7593.59
0.173237	7590.18
0.17324	7585.62
0.173243	7574.29
0.173244	7587.26
0.173244	7584.78
0.173244	7590.72
0.173245	7587.71
0.173245	7582.24
0.173245	7575.93
0.173245	7582.44
0.173246	7580.73
0.173247	7578.22
0.173248	7577.61
0.173249	7587.02
0.173249	7584.23
0.173251	7592.26
0.173251	7576.26
0.173252	7594.84
0.173254	7583.9
0.173255	7589.32
0.173255	7578.64
0.173255	7577
0.173256	7584.68
0.173258	7581.17
0.17327	7594.45
0.173312	7529.69
0.173624	7354.9
0.173907	7575.53
0.173911	7581.37
0.173912	7579.61
0.173913	7586.93
0.173914	7585.25
0.173914	7588.39
0.173914	7588.59
0.173915	7583.41
0.173917	7574.54
0.173917	7589.69
0.173917	7591.92
0.173917	7576.18
0.173918	7580.62
0.173919	7591.57
0.173919	7578.14
0.173919	7583.14
0.173919	7582.62
0.17392	7584.79
0.17392	7593.17
0.173924	7579.29
0.173924	7590.6
0.173924	7593.47
0.173927	7584.15
0.173927	7586.03
0.173928	7578.46
0.173929	7587.2
0.173929	7576.56
0.173929	7581.11
0.17393	7576.98
0.173935	7592.78
0.173935	7580.41
0.173939	7588.71
0.174224	7339.81
0.174566	7529.64
0.174578	7570.84
0.17458	7583.13
0.174582	7578.43
0.174583	7585.8
0.174584	7572.39
0.174585	7584.15
0.174588	7577.33
0.174588	7569.34
0.17459	7584.75
0.174591	7576.07
0.174591	7583.13
0.174592	7580.46
0.174593	7588.79
0.174593	7581.49
0.174594	7576.22
0.174595	7586.72
0.174595	7591.45
0.174595	7570.21
0.174596	7582.76
0.174597	7577.73
0.174597	7570.9
0.174599	7581.25
0.174599	7578.7
0.174599	7580.6
0.1746	7572.24
0.174601	7587.04
0.174602	7576.75
0.174603	7573.48
0.174604	7574.19
0.174604	7575
0.174616	7588.72
0.174832	7391.85
0.175178	7473.93
0.175254	7575.05
0.175257	7573.84
0.17526	7575.84
0.175262	7584.95
0.175266	7590.95
0.175266	7586.47
0.175267	7583.75
0.175267	7582.38
0.175267	7583.66
0.175268	7587.18
0.175268	7589.8
0.175268	7588.53
0.175268	7587.88
0.175268	7573.25
0.175268	7590.2
0.17527	7577.76
0.17527	7582.68
0.175271	7581.01
0.175271	7572.75
0.175271	7571.62
0.175271	7579.55
0.175272	7580.52
0.175272	7576.34
0.175272	7586.36
0.175273	7572.73
0.175276	7580.43
0.175279	7589.58
0.17528	7578.26
0.175285	7585.61
0.175287	7580.32
0.175289	7576.12
0.175403	7498.82
0.175792	7409.72
0.175932	7584.85
0.175937	7573.71
0.17594	7588.68
0.175941	7584.77
0.175943	7587.43
0.175944	7581.67
0.175944	7579.43
0.175944	7577.01
0.175944	7583.22
0.175945	7577.83
0.175946	7581.39
0.175946	7575.58
0.175947	7573.25
0.175948	7584.15
0.175948	7587.51
0.175949	7572.11
0.175949	7570.27
0.175949	7586.4
0.175951	7584.09
0.175951	7569.34
0.175952	7588.87
0.175953	7573.19
0.175953	7583.02
0.175953	7576.17
0.175955	7580.17
0.175957	7575.51
0.175959	7572.3
0.17596	7580.33
0.175962	7573.1
0.175962	7579.79
0.175963	7577.95
0.176021	7562.49
0.176373	7365.81
0.176604	7572.02
0.176611	7573.33
0.176612	7585.85
0.176613	7578.86
0.176613	7576.48
0.176617	7583.94
0.176617	7583.27
0.176617	7587.7
0.176619	7570.12
0.17662	7581.74
0.176621	7582.33
0.176622	7582.39
0.176622	7585.97
0.176623	7574.72
0.176624	7580.72
0.176625	7571.46
0.176627	7587.57
0.176628	7578.52
0.176628	7576.45
0.176628	7572.6
0.176629	7586.85
0.17663	7576.75
0.17663	7575.87
0.17663	7580.66
0.176631	7585.5
0.176633	7579.95
0.176636	7572.51
0.176636	7573.85
0.176636	7589.42
0.176638	7569.3
0.176639	7581
0.17665	7586.06
0.176962	7382.26
0.177282	7588.17
0.177285	7602.09
0.177286	7603.32
0.177287	7586.29
0.177288	7605.32
0.17729	7590.43
0.177291	7594.26
0.177293	7587.93
0.177294	7599.38
0.177294	7596.11
0.177295	7592.87
0.177296	7591.16
0.177296	7593.92
0.177297	7601.84
0.177297	7591.87
0.177299	7600.76
0.177299	7555.96
0.177299	7598.68
0.1773	7598.01
0.1773	7589.1
0.177301	7603.19
0.177301	7596.64
0.177301	7591.46
0.177301	7602.11
0.177302	7590.01
0.177303	7594.35
0.177305	7598.4
0.177309	7597.19
0.177309	7595.25
0.177311	7600.68
0.177312	7586.39
0.177314	7587.75
0.177568	7485.89
0.177918	7506.09
0.177955	7611.96
0.17796	7600.62
0.17796	7607.1
0.177963	7606.38
0.177964	7612.91
0.177964	7598.13
0.177965	7609.16
0.177967	7608.15
0.177968	7611.1
0.177968	7595.53
0.177969	7599.33
0.17797	7604.5
0.177971	7609.94
0.177974	7606.47
0.177976	7603.51
0.177976	7596.67
0.177976	7598.74
0.177976	7608.79
0.177977	7603.5
0.177977	7600.76
0.177977	7608.44
0.177978	7600.02
0.177979	7611.96
0.17798	7602.38
0.17798	7598.63
0.177981	7614.89
0.177981	7613.3
0.177982	7603.81
0.177982	7612.66
0.177987	7605.73
0.177993	7602.57
0.17816	7571.3
0.178531	7461.93
0.178632	7628.91
0.178637	7625.47
0.17864	7629.44
0.178644	7636.3
0.178644	7634.63
0.178644	7633.19
0.178645	7626.95
0.178645	7620.88
0.178646	7623.32
0.178646	7625.03
0.178646	7622.17
0.178647	7633.8
0.178647	7636.86
0.178648	7629.08
0.178648	7631.7
0.178649	7625.35
0.17865	7625.83
0.178651	7633.65
0.178651	7639.09
0.178652	7627.63
0.178652	7638.49
0.178653	7623.72
0.178653	7631.76
0.178655	7629.75
0.178656	7638.33
0.178656	7628.49
0.178657	7622.12
0.178658	7635.86
0.178658	7635.41
0.178659	7630.95
0.17866	7621.1
0.178751	7629.38
0.179116	7470
0.179304	7644.4
0.17931	7645.7
0.179315	7646.49
0.179318	7644.41
0.179318	7657.74
0.179319	7643.11
0.179319	7654.24
0.179321	7656.34
0.179321	7648.15
0.179322	7659.75
0.179322	7658.54
0.179322	7652.66
0.179324	7652.14
0.179325	7651.64
0.179326	7652.74
0.179328	7654.54
0.179328	7649.75
0.179329	7660.43
0.179329	7658.48
0.17933	7653.64
0.17933	7646.86
0.17933	7655.14
0.179331	7650.67
0.179331	7659.14
0.179333	7656.48
0.179333	7650.81
0.179333	7649.47
0.179336	7646.31
0.179339	7661.91
0.179342	7657.3
0.179342	7647.88
0.179373	7662.58
0.179704	7492.38
0.179972	7669.18
0.179989	7680.63
0.179989	7682.64
0.179991	7693.63
0.179991	7681.35
0.179994	7692.7
0.179994	7681.78
0.179995	7688.97
0.179996	7694.14
0.179997	7681.7
0.179997	7682.84
0.179998	7686.38
0.179999	7687.22
0.179999	7694.13
0.179999	7678.63
0.179999	7684.22
0.179999	7690.26
0.179999	7687.73
0.18	7689.75
0.180001	7691.44
0.180004	7691.41
0.180005	7695.85
0.180007	7692.81
0.180007	7689.63
0.180007	7685.6
0.180008	7685.21
0.180009	7678.8
0.180009	7695.29
0.18001	7689
0.180011	7687.81
0.180017	7686.69
0.180024	7680.61
0.180296	7613.01
0.180639	7643.03
0.180663	7717.25
0.180668	7717.38
0.18067	7721.86
0.18067	7726.82
0.18067	7727.05
0.180671	7723.61
0.180672	7725.58
0.180672	7721.79
0.180673	7727
0.180673	7715.5
0.180673	7718.89
0.180673	7727.55
0.180676	7718.95
0.180676	7722.79
0.180677	7728.33
0.180678	7724.27
0.180679	7718.5
0.180679	7715.94
0.18068	7716.57
0.18068	7730.33
0.180682	7721.86
0.180682	7724.88
0.180683	7720.57
0.180684	7720.32
0.180686	7731.82
0.180687	7730.08
0.180687	7731.03
0.180687	7725.98
0.180689	7727.11
0.180689	7716.79
0.180693	7732.29
0.180871	7715.17
0.18127	7634.53
0.181336	7773.22
0.181339	7774.12
0.181343	7778.03
0.181345	7773.19
0.181346	7768.9
0.181347	7773.66
0.181347	7766.18
0.18135	7767.98
0.181351	7779.2
0.181351	7771.12
0.181352	7773.62
0.181352	7766.61
0.181352	7781.04
0.181352	7775.85
0.181352	7777.64
0.181353	7780.27
0.181354	7772.08
0.181355	7768.25
0.181356	7766.5
0.181357	7764.9
0.181359	7777.71
0.181359	7775.18
0.18136	7770.81
0.18136	7778.9
0.18136	7772.81
0.181361	7776.82
0.181363	7768.21
0.181363	7770.56
0.181365	7780.7
0.181367	7772.07
0.181374	7770.56
0.181447	7777.19
0.181866	7670.73
0.18201	7828.84
0.182011	7816.87
0.182012	7826.98
0.182016	7816.56
0.182018	7824.94
0.182022	7824.1
0.182025	7826.79
0.182025	7819
0.182026	7820.47
0.182026	7821.7
0.182027	7821.38
0.182027	7823.13
0.182029	7822.24
0.182029	7827.39
0.182029	7819.73
0.18203	7815.95
0.18203	7825.55
0.182032	7818.76
0.182032	7815.82
0.182033	7819.27
0.182034	7825.88
0.182034	7827.94
0.182035	7822.91
0.182035	7819.82
0.182035	7824.62
0.182036	7826.15
0.182038	7819.18
0.182039	7821.67
0.18204	7829.31
0.18204	7829.89
0.182047	7817.11
0.182061	7827.19
0.182476	7737.76
0.182694	7858.63
0.182696	7857.54
0.182697	7868.41
0.182699	7862.61
0.1827	7860.05
0.1827	7858.9
0.1827	7869.84
0.1827	7866.39
0.182701	7870.21
0.182701	7863.72
0.182701	7866.5
0.182701	7860.13
0.182701	7865.02
0.182701	7863.81
0.182702	7867.69
0.182702	7870.29
0.182703	7858.38
0.182703	7867.81
0.182704	7865.66
0.182704	7862.74
0.182704	7868.83
0.182706	7864.15
0.182706	7861.86
0.182707	7861.08
0.182708	7866.23
0.182709	7862.9
0.182709	7861.86
0.18271	7869.61
0.182711	7861.26
0.182714	7865.69
0.182717	7875.84
0.182724	7868.55
0.182996	7808.23
0.183365	7891.36
0.183367	7884.84
0.183369	7853.15
0.183372	7885.49
0.183373	7886.1
0.183373	7889.84
0.183374	7882.06
0.183375	7889.48
0.183376	7890.07
0.183376	7890.48
0.183377	7888.21
0.183378	7887.37
0.183379	7887.15
0.183379	7884.25
0.183381	7891.31
0.183381	7888.96
0.183381	7881.15
0.183381	7883.55
0.183381	7882.35
0.183382	7891.45
0.183382	7889.06
0.183382	7885.28
0.183382	7889.58
0.183383	7888.07
0.183385	7885.42
0.183386	7890.06
0.183389	7888.05
0.18339	7892.06
0.183392	7887.18
0.183393	7885.11
0.183395	7882.7
0.183398	7884.37
0.183605	7892.47
0.184001	7780.47
0.184029	7835.35
0.184035	7843.41
0.184042	7842.82
0.184043	7836.4
0.184046	7844.49
0.184047	7837.14
0.184048	7840.68
0.18405	7839.42
0.184051	7838.49
0.184053	7838.69
0.184053	7842.77
0.184053	7842.6
0.184053	7836.64
0.184055	7838.9
0.184056	7842.6
0.184056	7845.24
0.184057	7841.37
0.184057	7840.14
0.184057	7842.8
0.184057	7842.96
0.184059	7842.23
0.184059	7844.57
0.18406	7840.25
0.18406	7840.87
0.18406	7839.26
0.18406	7843.04
0.184062	7841.53
0.184066	7837.96
0.184066	7838.28
0.184072	7840.8
0.184075	7843.26
0.184195	7851.63
0.184598	7717.55
0.184712	7686.87
0.18472	7693.38
0.184721	7690.69
0.184724	7691.28
0.184724	7693.87
0.184724	7688.94
0.184725	7686.6
0.184725	7691
0.184726	7689.04
0.184726	7687.18
0.184728	7690.76
0.184729	7693.96
0.184729	7691.9
0.184729	7689.42
0.184729	7689.16
0.18473	7692.35
0.184731	7687.39
0.184733	7689.99
0.184734	7689.52
0.184735	7688.8
0.184735	7693.27
0.184736	7693.47
0.184736	7689.07
0.18474	7690.54
0.184741	7690.92
0.184742	7691.7
0.184746	7688.62
0.184747	7693.97
0.184748	7688.8
0.184749	7693.92
0.184752	7692.79
0.184782	7696.8
0.185189	7605.16
0.185387	7442.15
0.185388	7438.16
0.185391	7441.52
0.1854	7439.56
0.185401	7440.5
0.185403	7439.84
0.185403	7438.09
0.185404	7437.94
0.185406	7439.24
0.185406	7443.26
0.185407	7440.17
0.185407	7441.25
0.185407	7442.92
0.185409	7441.35
0.18541	7442.44
0.18541	7439.19
0.185411	7441.25
0.185411	7438.39
0.185411	7441.3
0.185413	7440.66
0.185415	7437.64
0.185416	7439.78
0.185416	7441.66
0.185418	7439.69
0.185419	7442.9
0.185419	7438.62
0.18542	7441.81
0.185421	7439.28
0.185422	7438.92
0.185422	7438.77
0.185422	7449.07
0.185428	7442.37
0.185765	7419.61
0.186066	7133.24
0.186067	7137.58
0.186071	7136.46
0.186072	7138.89
0.186072	7138.23
0.186073	7134.58
0.186076	7138.81
0.186077	7137.23
0.186077	7136.34
0.186079	7137
0.186082	7138.01
0.186082	7136.62
0.186085	7136.88
0.186085	7139.53
0.186086	7135.62
0.186086	7137.54
0.186087	7137.13
0.186087	7139.47
0.186087	7138.17
0.186087	7138.4
0.186087	7136.88
0.186088	7136.29
0.186088	7137.56
0.186089	7138.11
0.186093	7135.2
0.186095	7139.33
0.186096	7138.38
0.186096	7136.71
0.186099	7138.16
0.186099	7137.14
0.186104	7136.53
0.186104	7136.02
0.186315	7161.08
0.186714	6946.32
0.18673	6903.31
0.18675	6903.64
0.18675	6903.98
0.186751	6906.04
0.186752	6905.09
0.186753	6906.75
0.186753	6906.37
0.186754	6905.63
0.186754	6904.42
0.186754	6905.06
0.186755	6903.92
0.186756	6904.39
0.186757	6906.67
0.186759	6905.42
0.18676	6907.54
0.18676	6905.82
0.186761	6905.96
0.186762	6905.83
0.186762	6907.37
0.186763	6903.56
0.186763	6906.83
0.186764	6905.42
0.186764	6903.69
0.186766	6905.47
0.186768	6904.95
0.186772	6906.81
0.186772	6905.05
0.186772	6907.39
0.186775	6905.25
0.186777	6904.69
0.186784	6906.07
0.186904	6923.44
0.18735	6987.06
0.187415	7010.42
0.187418	7012.02
0.187422	7011.82
0.187423	7010.76
0.187423	7012.48
0.187424	7011.08
0.187425	7012.19
0.187426	7011.31
0.187426	7011.46
0.187429	7011.72
0.18743	7011.17
0.187432	7011.73
0.187433	7011.94
0.187433	7013.3
0.187434	7012.95
0.187434	7012.69
0.187434	7011.9
0.187436	7012.34
0.187437	7012.86
0.187437	7012.06
0.187438	7012.98
0.187439	7012.13
0.18744	7011.18
0.18744	7012.44
0.187442	7013.68
0.187442	7012.2
0.187444	7012.23
0.187445	7012.11
0.187446	7012.86
0.187448	7013.46
0.187452	7012.73
0.187503	7024.55
0.187904	7383.67
0.188087	7747.61
0.188091	7747.6
0.188091	7748.68
0.188097	7746.09
0.1881	7746.93
0.1881	7748.24
0.188101	7747.61
0.188103	7748.65
0.188103	7746.91
0.188103	7747.59
0.188103	7747.28
0.188104	7748.03
0.188105	7747.13
0.188106	7747.34
0.188106	7747.52
0.188106	7747.77
0.188106	7747.91
0.188107	7753.7
0.188112	7748.73
0.188113	7747.54
0.188113	7748.07
0.188115	7748.17
0.188115	7748.09
0.188116	7747.93
0.188117	7747.75
0.188119	7748.72
0.188121	7747.67
0.188123	7748.6
0.188123	7748.34
0.188124	7749.21
0.188125	7747.62
0.188137	7750.1
0.188493	8160.62
0.188765	8716.58
0.188776	8719.19
0.188778	8716.47
0.18878	8718.37
0.188781	8720.72
0.188783	8718.48
0.188785	8722.58
0.188785	8721.85
0.188786	8719.54
0.188787	8717.04
0.188788	8720.78
0.188788	8718.28
0.188788	8719.41
0.188788	8718.69
0.188788	8721.65
0.18879	8719.11
0.18879	8718.45
0.188792	8721.63
0.188793	8720.9
0.188793	8720.33
0.188793	8718.83
0.188793	8720.82
0.188794	8720.9
0.188794	8718.32
0.188795	8723.88
0.188795	8720.08
0.188795	8721.69
0.188796	8722.63
0.188797	8722.45
0.188798	8721.66
0.1888	8718.07
0.188802	8719.98
0.189029	9101.4
0.189434	9481.34
0.189442	9492.69
0.189442	9490.25
0.189443	9494.64
0.189447	9487.46
0.189449	9488.44
0.18945	9494.9
0.189451	9492.12
0.189452	9494.14
0.189454	9490.05
0.189455	9488.3
0.189457	9495.24
0.189459	9490.75
0.189461	9493.83
0.189461	9492.2
0.189462	9490.36
0.189462	9495.02
0.189464	9494.31
0.189464	9489.65
0.189465	9490.01
0.189465	9497.32
0.189466	9497.61
0.189466	9493.46
0.189467	9494.6
0.189467	9496.22
0.189469	9492.78
0.189469	9491.58
0.189471	9497.76
0.189472	9491.8
0.189476	9490.61
0.189476	9495.52
0.189482	9489.88
0.189593	9799.44
0.190078	9962.42
0.190125	9872.06
0.190132	9865.05
0.190132	9871.65
0.190133	9866.45
0.190133	9866.48
0.190133	9864.92
0.190133	9862.32
0.190135	9871.81
0.190137	9863.16
0.190137	9866.41
0.190137	9874.36
0.190137	9869.2
0.190137	9862.67
0.190137	9866.57
0.190138	9869.92
0.190139	9863.4
0.190139	9868.41
0.19014	9868.94
0.19014	9871.91
0.190142	9864.32
0.190145	9871.22
0.190145	9874.15
0.190146	9869.15
0.190146	9867.81
0.190146	9875.51
0.190147	9870.27
0.190149	9873.59
0.19015	9870.41
0.19015	9864.93
0.190152	9864.91
0.190161	9874.72
0.190195	10040.2
0.190652	10220.3
0.1908	9934.06
0.190801	9933.98
0.190801	9937.96
0.190803	9929.21
0.190805	9929.66
0.190807	9932.28
0.190807	9924.39
0.190808	9929.32
0.190809	9932.25
0.19081	9927.72
0.19081	9936.5
0.19081	9932.09
0.190811	9933.27
0.190812	9936.55
0.190813	9928.4
0.190814	9938.1
0.190815	9934.03
0.190815	9926.98
0.190817	9932.93
0.190817	9931.59
0.190817	9931.82
0.190817	9929.14
0.190819	9925.35
0.190823	9937.98
0.190826	9925.58
0.190826	9929.18
0.190826	9939.01
0.190827	9936.78
0.190827	9927.29
0.190829	9936.95
0.190832	9927.9
0.190837	9925.06
0.191226	10228.4
0.191471	9934.56
0.191474	9930.65
0.191482	9923.81
0.191482	9924.38
0.191483	9926.43
0.191484	9928.87
0.191487	9926.44
0.191488	9936.7
0.191489	9923.17
0.191489	9933.9
0.19149	9932.19
0.191491	9927.59
0.191493	9933.77
0.191493	9928.32
0.191494	9931.8
0.191494	9936.2
0.191495	9927.59
0.191495	9934.33
0.191496	9928.89
0.191496	9925.77
0.191496	9926.4
0.191498	9926.45
0.191498	9934.9
0.191499	9936.73
0.1915	9930.35
0.191501	9933.77
0.191501	9930.48
0.191502	9930.65
0.191504	9938.66
0.191515	9935.92
0.191515	9932.45
0.191518	9939.07
0.191737	10135.3
0.192142	10109.4
0.192153	10109.4
0.192155	10101.3
0.192158	10105.9
0.192159	10111.9
0.192159	10106.5
0.19216	10106.3
0.19216	10110.9
0.192161	10110.2
0.192164	10103.3
0.192164	10099.3
0.192165	10107.3
0.192165	10108.2
0.192165	10107
0.192166	10102.9
0.192166	10109.2
0.192166	10104.2
0.192167	10102
0.192168	10112.2
0.192168	10101.2
0.19217	10086.8
0.19217	10102.1
0.19217	10105.8
0.192171	10099.7
0.192171	10111.8
0.192172	10103.6
0.192174	10105.6
0.192175	10105.9
0.192175	10109.4
0.192179	10105.4
0.192181	10101.5
0.192184	10101
0.192309	10227.3
0.192797	10450.1
0.192817	10463.6
0.192822	10457.6
0.192825	10463.9
0.192827	10459.4
0.192829	10458.9
0.192832	10458
0.192834	10455.7
0.192836	10466
0.192837	10456.9
0.192838	10461.6
0.192838	10462.1
0.192841	10463.6
0.192841	10465.3
0.192842	10456.1
0.192842	10467.3
0.192843	10456
0.192844	10461.8
0.192845	10457.6
0.192845	10460.6
0.192845	10454.8
0.192845	10455.3
0.192846	10464.2
0.192846	10466.8
0.192846	10457.5
0.192848	10460.2
0.192848	10461.2
0.192849	10456.4
0.19285	10458.3
0.192854	10465.7
0.192855	10463.5
0.192863	10461.2
0.192896	10514.1
0.193391	10866.6
0.193501	10936.2
0.193504	10941.5
0.193505	10941.2
0.193506	10938.8
0.193509	10930
0.193509	10934.1
0.193511	10932.3
0.193511	10935.2
0.193512	10930.7
0.193513	10939.6
0.193513	10937.3
0.193514	10939.8
0.193514	10941.1
0.193516	10933.7
0.193516	10940.1
0.193518	10938.7
0.193519	10934.3
0.193519	10936
0.193519	10932.3
0.193519	10935.2
0.193519	10939.2
0.19352	10938
0.193521	10931.2
0.193523	10935.7
0.193524	10932
0.193527	10934.5
0.193527	10937.7
0.193527	10933.4
0.193527	10942.2
0.193532	10936.7
0.193534	10942.7
0.193546	10931.1
0.193962	11403.3
0.194175	11600.9
0.194177	11595.1
0.194179	11600.3
0.194182	11602.4
0.194183	11596.8
0.194185	11591.2
0.194189	11590.8
0.19419	11594.1
0.19419	11604
0.19419	11599.9
0.19419	11596.2
0.194191	11595.4
0.194191	11592.2
0.194192	11603.9
0.194193	11592.2
0.194193	11600.3
0.194193	11598.7
0.194194	11592
0.194195	11594.6
0.194195	11596.1
0.194195	11594.1
0.194197	11594.1
0.194202	11598.2
0.194203	11604
0.194204	11599.2
0.194204	11598.4
0.194204	11600
0.194205	11597
0.194207	11603.3
0.194208	11592
0.194212	11600.3
0.194213	11602.5
0.194465	12026.7
0.194851	12465.2
0.194852	12466.7
0.194857	12459.2
0.194857	12453.3
0.194859	12454.3
0.194859	12454.2
0.19486	12461.6
0.194861	12453.4
0.194865	12456.2
0.194865	12457.3
0.194866	12459.4
0.194866	12453
0.194867	12452.8
0.194868	12458.6
0.194868	12460.3
0.19487	12456.2
0.19487	12466.7
0.194872	12459.1
0.194873	12467.3
0.194873	12453.6
0.194874	12454.9
0.194874	12462.9
0.194874	12460.5
0.194881	12462.1
0.194882	12466
0.194883	12464.3
0.194884	12465.3
0.194884	12463.9
0.194885	12469
0.194888	12459.3
0.194889	12465.7
0.194889	12467.3
0.195021	12885.6
0.195513	13656.7
0.195527	13647
0.195535	13653.1
0.195536	13653.8
0.195537	13650.4
0.195538	13640.8
0.19554	13641.4
0.19554	13656.2
0.19554	13650.6
0.19554	13639.2
0.195541	13651.3
0.195542	13649
0.195543	13654.9
0.195544	13641.8
0.195544	13657.3
0.195545	13657.5
0.195545	13647.1
0.195547	13645.2
0.195548	13644.7
0.195549	13642.9
0.19555	13647.8
0.19555	13653.9
0.195552	13653.6
0.195552	13644.2
0.195554	13645.1
0.195554	13650.8
0.195557	13646
0.195559	13649.9
0.19556	13654.5
0.195561	13657.2
0.195561	13647.5
0.195567	13660.5
0.195588	13892.4
0.196136	14909.1
0.196193	14903.1
0.196202	14886.4
0.196206	14899
0.196207	14899.2
0.196208	14888.4
0.196208	14884.5
0.196209	14883
0.196211	14889.3
0.196213	14896.8
0.196213	14891.8
0.196214	14894.9
0.196214	14891.5
0.196216	14900.1
0.196219	14895.6
0.19622	14899.5
0.19622	14893.6
0.196221	14893.4
0.196226	14904.9
0.196226	14890.2
0.196226	14899.7
0.196227	14904.3
0.196229	14897.2
0.19623	14890.1
0.19623	14903.1
0.19623	14887.2
0.19623	14906.1
0.196231	14897.2
0.196233	14907.4
0.196233	14903
0.196235	14896.5
0.196238	14889.2
0.19625	14888.7
0.196693	15630
0.196874	15548.3
0.196881	15559.6
0.196882	15561.9
0.196882	15556.3
0.196884	15553.3
0.196885	15565.4
0.196889	15566.6
0.196889	15555.7
0.196892	15569
0.196892	15571.3
0.196895	15565.5
0.196897	15559
0.196899	15553.7
0.196899	15552.2
0.1969	15571.6
0.196901	15569.7
0.196901	15569
0.196902	15551.6
0.196903	15567.8
0.196903	15554.3
0.196903	15561.9
0.196903	15565.4
0.196904	15560.3
0.196905	15557.1
0.196906	15556.1
0.196907	15561.1
0.196909	15555.1
0.196909	15550.8
0.196911	15558.9
0.196913	15565
0.196913	15572.5
0.196922	15567.4
0.197235	15509.5
0.19756	15363.3
0.197561	15357.2
0.197561	15349
0.197562	15346.6
0.197562	15355.8
0.197563	15345.2
0.197564	15359.4
0.197564	15352.6
0.197566	15345.8
0.197569	15354.4
0.197569	15366.5
0.197569	15356.8
0.19757	15353.4
0.19757	15368.2
0.197572	15368.1
0.197573	15350.1
0.197573	15351
0.197574	15354.4
0.197575	15348.9
0.197577	15351.1
0.197577	15366.3
0.197578	15364.2
0.197579	15364.1
0.197579	15356.2
0.197579	15362.7
0.19758	15364.8
0.197581	15358.9
0.197581	15360.6
0.197585	15362
0.197586	15366.6
0.197592	15349.9
0.197593	15350.8
0.197698	15248.4
0.198229	15084
0.198234	15074.9
0.198237	15076.8
0.19824	15066.6
0.198241	15075.2
0.198241	15083.6
0.198242	15081
0.198244	15082
0.198247	15076.7
0.198247	15070.8
0.198247	15066.6
0.198247	15068.5
0.198247	15082.3
0.198248	15078.9
0.198248	15069.7
0.198252	15063.1
0.198253	15074.2
0.198254	15064.2
0.198254	15063.6
0.198254	15065.4
0.198256	15079.6
0.198257	15075.3
0.198258	15088.9
0.198259	15092
0.198259	15089
0.19826	15081.5
0.19826	15074.2
0.198263	15072.2
0.198263	15087.7
0.198266	15086.1
0.198268	15071.7
0.198273	15066.8
0.19828	15029.9
0.198851	15387.3
0.198901	15180.5
0.198906	15178.5
0.198907	15192.6
0.198907	15190.5
0.198908	15183.8
0.19891	15187.8
0.198911	15181.1
0.198911	15186.5
0.198912	15176.3
0.198913	15194.5
0.198915	15186.1
0.198915	15183.8
0.198918	15170.2
0.198918	15191.3
0.19892	15173.7
0.198921	15190.6
0.198922	15179.9
0.198922	15196.9
0.198922	15199.3
0.198926	15191.7
0.198926	15173.4
0.198927	15184
0.198928	15189.3
0.198928	15198.4
0.198929	15180
0.198929	15175.4
0.198929	15179.3
0.19893	15176.1
0.198931	15193.9
0.198932	15172.6
0.198933	15195.7
0.199286	15576
0.199491	15389.2
0.199498	15412.2
0.199508	15395.1
0.19951	15390.5
0.199512	15396.3
0.199513	15403.2
0.199515	15397.3
0.199515	15399.8
0.199517	15406.3
0.199517	15411
0.199518	15399.7
0.199518	15414.1
0.199519	15402.9
0.199521	15414
0.199523	15405.8
0.199523	15409.1
0.199524	15404.9
0.199524	15392.8
0.199525	15401.9
0.199525	15408.6
0.199528	15399
0.199533	15398.8
0.199534	15395.7
0.199535	15413
0.199535	15408.3
0.199541	15410.8
0.199861	15747
0.200005	15550.4
0.200014	15549.1
0.200015	15541.9
0.200016	15540.9
0.200019	15537.7
0.200019	15548.5
0.20002	15541.1
0.200022	15545.1
0.200023	15537.4
0.200023	15546.2
0.200024	15543.9
0.200025	15539
0.200027	15553
0.20003	15547
0.20003	15549.4
0.200032	15537.2
0.200033	15553.2
0.200037	15543.3
0.200038	15539.8
0.200042	15553.2
0.200045	15537.9
0.200106	15671.5
0.200428	15377.2
0.200429	15370.8
0.200433	15383.9
0.200433	15374
0.200433	15381.4
0.200435	15373.7
0.200438	15376.9
0.200439	15378.6
0.200441	15371.7
0.200444	15382.5
0.200448	15372.5
0.200448	15375.7
0.200448	15375.3
0.200449	15380.3
0.20045	15384.1
0.200451	15379.2
0.200453	15384
0.200455	15381.3
0.200612	15267
0.20076	14970.7
0.200779	14976.5
0.20078	14970
0.20078	14972.7
0.20078	14979.3
0.200782	14979.9
0.200788	14975.5
0.200793	14975
0.200793	14971.9
0.200798	14975.3
0.200799	14979.6
0.200801	14979.2
0.200801	14974.4
0.200815	14979.2
0.200817	14972.5
0.201057	14905.9
0.201059	14844.9
0.201067	14851.8
0.201068	14850.3
0.201069	14850.8
0.20107	14845.9
0.201071	14844.3
0.201077	14848.9
0.201077	14853.6
0.20108	14850.2
0.201082	14849.5
0.201087	14852.1
0.20109	14849.4
0.201285	15081.9
0.201311	15075.7
0.20132	15076.5
0.201323	15079.1
0.201327	15081
0.201328	15076.9
0.201328	15075.9
0.201332	15078.3
0.201339	15074.8
0.201339	15082.1
0.201341	15121
0.201496	15428.4
0.201499	15432.9
0.201507	15431.7
0.201516	15433.7
0.201516	15429.9
0.20152	15434.7
0.201524	15464
0.201531	15431.3
0.201539	15435.4
0.201676	15928
0.201678	15929.9
0.201683	15927.5
0.201684	15929.7
0.201686	15929.1
0.201703	15928.7
0.201706	15937.8
0.201766	16457.6
0.201822	16937.6
0.201823	16942.9
0.201839	16941.8
0.201841	16941.6
0.201852	16942.9
0.20186	17413.2
0.201945	18908.2
0.201948	18854.6
0.201952	18854.7
0.201953	18854.5
0.201971	18856.9
0.202027	21412.8
0.202044	21414.2
0.202045	21417.4
0.202048	21422.6
0.202099	23214.2
0.202133	24215.8
0.202139	24121.5
0.202147	24122.8
0.202187	26838.2
0.202201	26809.5
0.202211	26811.5
0.202251	29465.9
0.202273	29471.3
0.202291	32095
0.202298	33109.3
0.202306	30764.3
0.202332	34684.7
0.202343	36306.4
0.202367	39624.4
0.202379	37659.4
0.202417	44156
0.202444	41848.5
0.202471	49446.2
0.202476	46679.1
0.202503	52848.2
0.20253	60195.5
0.202533	56402
0.202557	63748.9
0.202579	68781.1
0.202587	74038.4
0.202629	76855.2
0.202651	86600.9
0.202675	88174.6
0.202701	100556
0.202707	104127
0.202732	127341
0.202744	115335
0.20275	131350
0.202796	162848
0.202799	162849
0.202831	209581
0.20286	219946
0.202866	290365
0.2029	316029
0.202906	471779
0.202926	621741
0.202937	2.14797e+06
0.20296	971177
0.202982	2.02527e+07
)
