(title "Circumferential Averages")
(labels "Radius" "Radial Coordinate")

((xy/key/label "")
0.142001	0.142001
0.14203	0.14203
0.142043	0.142043
0.14207	0.14207
0.142088	0.142088
0.142107	0.142107
0.142117	0.142117
0.142161	0.142161
0.142163	0.142163
0.142202	0.142202
0.142205	0.142205
0.142236	0.142236
0.142242	0.142242
0.142273	0.142273
0.142299	0.142299
0.142305	0.142305
0.142346	0.142346
0.142353	0.142353
0.142362	0.142362
0.142363	0.142363
0.142438	0.142438
0.142444	0.142444
0.142447	0.142447
0.142456	0.142456
0.142507	0.142507
0.142543	0.142543
0.142545	0.142545
0.142548	0.142548
0.142553	0.142553
0.142597	0.142597
0.142659	0.142659
0.142661	0.142661
0.142664	0.142664
0.142665	0.142665
0.142667	0.142667
0.142688	0.142688
0.142794	0.142794
0.142796	0.142796
0.142796	0.142796
0.142798	0.142798
0.142798	0.142798
0.142805	0.142805
0.142806	0.142806
0.142916	0.142916
0.142964	0.142964
0.142966	0.142966
0.142966	0.142966
0.14297	0.14297
0.142974	0.142974
0.142974	0.142974
0.142976	0.142976
0.142984	0.142984
0.143101	0.143101
0.143164	0.143164
0.143165	0.143165
0.143165	0.143165
0.143167	0.143167
0.143168	0.143168
0.143171	0.143171
0.143176	0.143176
0.143176	0.143176
0.14318	0.14318
0.143184	0.143184
0.143372	0.143372
0.143401	0.143401
0.143403	0.143403
0.143408	0.143408
0.143409	0.143409
0.143411	0.143411
0.143415	0.143415
0.143415	0.143415
0.143416	0.143416
0.143416	0.143416
0.143416	0.143416
0.143417	0.143417
0.143422	0.143422
0.143661	0.143661
0.143691	0.143691
0.143692	0.143692
0.143694	0.143694
0.143696	0.143696
0.143702	0.143702
0.143702	0.143702
0.143703	0.143703
0.143703	0.143703
0.143705	0.143705
0.143705	0.143705
0.143708	0.143708
0.14371	0.14371
0.143711	0.143711
0.143718	0.143718
0.143804	0.143804
0.144045	0.144045
0.144046	0.144046
0.144046	0.144046
0.144046	0.144046
0.144047	0.144047
0.144048	0.144048
0.144049	0.144049
0.144049	0.144049
0.14405	0.14405
0.14405	0.14405
0.144051	0.144051
0.144052	0.144052
0.144053	0.144053
0.144053	0.144053
0.144057	0.144057
0.144058	0.144058
0.144064	0.144064
0.144064	0.144064
0.144297	0.144297
0.144457	0.144457
0.144461	0.144461
0.144464	0.144464
0.144465	0.144465
0.144466	0.144466
0.144466	0.144466
0.144466	0.144466
0.144467	0.144467
0.144467	0.144467
0.144467	0.144467
0.144467	0.144467
0.144468	0.144468
0.144469	0.144469
0.144471	0.144471
0.144473	0.144473
0.144473	0.144473
0.144473	0.144473
0.144474	0.144474
0.144479	0.144479
0.144482	0.144482
0.144485	0.144485
0.144588	0.144588
0.144947	0.144947
0.144959	0.144959
0.144963	0.144963
0.144963	0.144963
0.144965	0.144965
0.144967	0.144967
0.144967	0.144967
0.144968	0.144968
0.144968	0.144968
0.144969	0.144969
0.144969	0.144969
0.14497	0.14497
0.144972	0.144972
0.144972	0.144972
0.144973	0.144973
0.144973	0.144973
0.144974	0.144974
0.144974	0.144974
0.144974	0.144974
0.144974	0.144974
0.144974	0.144974
0.144975	0.144975
0.144975	0.144975
0.144979	0.144979
0.144983	0.144983
0.144984	0.144984
0.14514	0.14514
0.145563	0.145563
0.145564	0.145564
0.145567	0.145567
0.145567	0.145567
0.145567	0.145567
0.145567	0.145567
0.145568	0.145568
0.145568	0.145568
0.145569	0.145569
0.145569	0.145569
0.14557	0.14557
0.145571	0.145571
0.145571	0.145571
0.145571	0.145571
0.145572	0.145572
0.145572	0.145572
0.145572	0.145572
0.145573	0.145573
0.145573	0.145573
0.145574	0.145574
0.145575	0.145575
0.145575	0.145575
0.145575	0.145575
0.145576	0.145576
0.145576	0.145576
0.145576	0.145576
0.145578	0.145578
0.145579	0.145579
0.145581	0.145581
0.145582	0.145582
0.145585	0.145585
0.14563	0.14563
0.146206	0.146206
0.146222	0.146222
0.146223	0.146223
0.146226	0.146226
0.146231	0.146231
0.146231	0.146231
0.146232	0.146232
0.146232	0.146232
0.146232	0.146232
0.146234	0.146234
0.146234	0.146234
0.146234	0.146234
0.146235	0.146235
0.146236	0.146236
0.146236	0.146236
0.146237	0.146237
0.146237	0.146237
0.146239	0.146239
0.14624	0.14624
0.14624	0.14624
0.146241	0.146241
0.146241	0.146241
0.146242	0.146242
0.146242	0.146242
0.146242	0.146242
0.146243	0.146243
0.146243	0.146243
0.146243	0.146243
0.146244	0.146244
0.146244	0.146244
0.146244	0.146244
0.146251	0.146251
0.14627	0.14627
0.14678	0.14678
0.146895	0.146895
0.146903	0.146903
0.146904	0.146904
0.146905	0.146905
0.146907	0.146907
0.146907	0.146907
0.146908	0.146908
0.146908	0.146908
0.146908	0.146908
0.146909	0.146909
0.146909	0.146909
0.146909	0.146909
0.14691	0.14691
0.14691	0.14691
0.146911	0.146911
0.146912	0.146912
0.146912	0.146912
0.146913	0.146913
0.146914	0.146914
0.146914	0.146914
0.146914	0.146914
0.146915	0.146915
0.146915	0.146915
0.146915	0.146915
0.146917	0.146917
0.146917	0.146917
0.146918	0.146918
0.146919	0.146919
0.14692	0.14692
0.14692	0.14692
0.14692	0.14692
0.146924	0.146924
0.147338	0.147338
0.147575	0.147575
0.147578	0.147578
0.147578	0.147578
0.147578	0.147578
0.14758	0.14758
0.147581	0.147581
0.147582	0.147582
0.147583	0.147583
0.147584	0.147584
0.147584	0.147584
0.147585	0.147585
0.147585	0.147585
0.147585	0.147585
0.147586	0.147586
0.147586	0.147586
0.147587	0.147587
0.147588	0.147588
0.147588	0.147588
0.147588	0.147588
0.147591	0.147591
0.147591	0.147591
0.147592	0.147592
0.147593	0.147593
0.147593	0.147593
0.147593	0.147593
0.147594	0.147594
0.147594	0.147594
0.147594	0.147594
0.147595	0.147595
0.147595	0.147595
0.147596	0.147596
0.147596	0.147596
0.147885	0.147885
0.148246	0.148246
0.148248	0.148248
0.148248	0.148248
0.148248	0.148248
0.148252	0.148252
0.148252	0.148252
0.148253	0.148253
0.148254	0.148254
0.148256	0.148256
0.148256	0.148256
0.148257	0.148257
0.148258	0.148258
0.148258	0.148258
0.148259	0.148259
0.14826	0.14826
0.14826	0.14826
0.14826	0.14826
0.148261	0.148261
0.148261	0.148261
0.148262	0.148262
0.148262	0.148262
0.148262	0.148262
0.148263	0.148263
0.148264	0.148264
0.148266	0.148266
0.148266	0.148266
0.148269	0.148269
0.14827	0.14827
0.14827	0.14827
0.148271	0.148271
0.148274	0.148274
0.148274	0.148274
0.14845	0.14845
0.14892	0.14892
0.148925	0.148925
0.148926	0.148926
0.148927	0.148927
0.148929	0.148929
0.14893	0.14893
0.14893	0.14893
0.148932	0.148932
0.148932	0.148932
0.148932	0.148932
0.148933	0.148933
0.148934	0.148934
0.148935	0.148935
0.148937	0.148937
0.148937	0.148937
0.148938	0.148938
0.148938	0.148938
0.148938	0.148938
0.148938	0.148938
0.148938	0.148938
0.148939	0.148939
0.148939	0.148939
0.148939	0.148939
0.14894	0.14894
0.14894	0.14894
0.148941	0.148941
0.148943	0.148943
0.148943	0.148943
0.148944	0.148944
0.148945	0.148945
0.148946	0.148946
0.148951	0.148951
0.149038	0.149038
0.149559	0.149559
0.149596	0.149596
0.149597	0.149597
0.149598	0.149598
0.149602	0.149602
0.149605	0.149605
0.149607	0.149607
0.149607	0.149607
0.149608	0.149608
0.149609	0.149609
0.149609	0.149609
0.149611	0.149611
0.149611	0.149611
0.149612	0.149612
0.149612	0.149612
0.149614	0.149614
0.149617	0.149617
0.149617	0.149617
0.149617	0.149617
0.149617	0.149617
0.149618	0.149618
0.149618	0.149618
0.149619	0.149619
0.149619	0.149619
0.14962	0.14962
0.14962	0.14962
0.149621	0.149621
0.149622	0.149622
0.149623	0.149623
0.149625	0.149625
0.149626	0.149626
0.14963	0.14963
0.149661	0.149661
0.150164	0.150164
0.150278	0.150278
0.150278	0.150278
0.150278	0.150278
0.150279	0.150279
0.15028	0.15028
0.15028	0.15028
0.15028	0.15028
0.150281	0.150281
0.150282	0.150282
0.150282	0.150282
0.150282	0.150282
0.150282	0.150282
0.150283	0.150283
0.150283	0.150283
0.150283	0.150283
0.150283	0.150283
0.150285	0.150285
0.150285	0.150285
0.150286	0.150286
0.150287	0.150287
0.150288	0.150288
0.15029	0.15029
0.150292	0.150292
0.150293	0.150293
0.150293	0.150293
0.150293	0.150293
0.150296	0.150296
0.150296	0.150296
0.150296	0.150296
0.150301	0.150301
0.150313	0.150313
0.150314	0.150314
0.150731	0.150731
0.150951	0.150951
0.150952	0.150952
0.150952	0.150952
0.150952	0.150952
0.150953	0.150953
0.150957	0.150957
0.150957	0.150957
0.150958	0.150958
0.150958	0.150958
0.150959	0.150959
0.15096	0.15096
0.15096	0.15096
0.15096	0.15096
0.15096	0.15096
0.150961	0.150961
0.150962	0.150962
0.150962	0.150962
0.150963	0.150963
0.150964	0.150964
0.150965	0.150965
0.150965	0.150965
0.150965	0.150965
0.150967	0.150967
0.150969	0.150969
0.15097	0.15097
0.15097	0.15097
0.15097	0.15097
0.15097	0.15097
0.15097	0.15097
0.150971	0.150971
0.150973	0.150973
0.150974	0.150974
0.151315	0.151315
0.15162	0.15162
0.151624	0.151624
0.151631	0.151631
0.151631	0.151631
0.151632	0.151632
0.151632	0.151632
0.151632	0.151632
0.151633	0.151633
0.151634	0.151634
0.151635	0.151635
0.151635	0.151635
0.151635	0.151635
0.151636	0.151636
0.151637	0.151637
0.151638	0.151638
0.151638	0.151638
0.151638	0.151638
0.151639	0.151639
0.15164	0.15164
0.15164	0.15164
0.15164	0.15164
0.151641	0.151641
0.151641	0.151641
0.151641	0.151641
0.151642	0.151642
0.151642	0.151642
0.151643	0.151643
0.151643	0.151643
0.151645	0.151645
0.151654	0.151654
0.151654	0.151654
0.151656	0.151656
0.15187	0.15187
0.152287	0.152287
0.152295	0.152295
0.152297	0.152297
0.152302	0.152302
0.152303	0.152303
0.152305	0.152305
0.152307	0.152307
0.152307	0.152307
0.152307	0.152307
0.152309	0.152309
0.152309	0.152309
0.15231	0.15231
0.15231	0.15231
0.15231	0.15231
0.152312	0.152312
0.152312	0.152312
0.152313	0.152313
0.152313	0.152313
0.152313	0.152313
0.152314	0.152314
0.152314	0.152314
0.152315	0.152315
0.152315	0.152315
0.152316	0.152316
0.152316	0.152316
0.152318	0.152318
0.152319	0.152319
0.152321	0.152321
0.152321	0.152321
0.152321	0.152321
0.152323	0.152323
0.152326	0.152326
0.152446	0.152446
0.152933	0.152933
0.152972	0.152972
0.152974	0.152974
0.152974	0.152974
0.152977	0.152977
0.152979	0.152979
0.152979	0.152979
0.152981	0.152981
0.152982	0.152982
0.152982	0.152982
0.152983	0.152983
0.152983	0.152983
0.152983	0.152983
0.152983	0.152983
0.152984	0.152984
0.152986	0.152986
0.152986	0.152986
0.152987	0.152987
0.152987	0.152987
0.152987	0.152987
0.152988	0.152988
0.152988	0.152988
0.152988	0.152988
0.152988	0.152988
0.152989	0.152989
0.152989	0.152989
0.15299	0.15299
0.152991	0.152991
0.152991	0.152991
0.152991	0.152991
0.152992	0.152992
0.152993	0.152993
0.153077	0.153077
0.153522	0.153522
0.15365	0.15365
0.153651	0.153651
0.153655	0.153655
0.153656	0.153656
0.153657	0.153657
0.153657	0.153657
0.153657	0.153657
0.153658	0.153658
0.153658	0.153658
0.153659	0.153659
0.15366	0.15366
0.15366	0.15366
0.15366	0.15366
0.15366	0.15366
0.153661	0.153661
0.153661	0.153661
0.153662	0.153662
0.153662	0.153662
0.153663	0.153663
0.153664	0.153664
0.153665	0.153665
0.153665	0.153665
0.153666	0.153666
0.153667	0.153667
0.153667	0.153667
0.153671	0.153671
0.153671	0.153671
0.153673	0.153673
0.153675	0.153675
0.153677	0.153677
0.153678	0.153678
0.153705	0.153705
0.154109	0.154109
0.154326	0.154326
0.154329	0.154329
0.154329	0.154329
0.154329	0.154329
0.154331	0.154331
0.154331	0.154331
0.154331	0.154331
0.154332	0.154332
0.154332	0.154332
0.154332	0.154332
0.154333	0.154333
0.154335	0.154335
0.154336	0.154336
0.154336	0.154336
0.154336	0.154336
0.154337	0.154337
0.154337	0.154337
0.154337	0.154337
0.154338	0.154338
0.154339	0.154339
0.15434	0.15434
0.15434	0.15434
0.154341	0.154341
0.154343	0.154343
0.154345	0.154345
0.154345	0.154345
0.154345	0.154345
0.154346	0.154346
0.154347	0.154347
0.154347	0.154347
0.154352	0.154352
0.154353	0.154353
0.154704	0.154704
0.154988	0.154988
0.154998	0.154998
0.154998	0.154998
0.155002	0.155002
0.155004	0.155004
0.155004	0.155004
0.155004	0.155004
0.155007	0.155007
0.155008	0.155008
0.155008	0.155008
0.15501	0.15501
0.155011	0.155011
0.155011	0.155011
0.155012	0.155012
0.155012	0.155012
0.155014	0.155014
0.155015	0.155015
0.155015	0.155015
0.155015	0.155015
0.155016	0.155016
0.155017	0.155017
0.155017	0.155017
0.155018	0.155018
0.155019	0.155019
0.15502	0.15502
0.15502	0.15502
0.15502	0.15502
0.155021	0.155021
0.155022	0.155022
0.155025	0.155025
0.155026	0.155026
0.155029	0.155029
0.155258	0.155258
0.155667	0.155667
0.155673	0.155673
0.155673	0.155673
0.155678	0.155678
0.155681	0.155681
0.155681	0.155681
0.155683	0.155683
0.155683	0.155683
0.155685	0.155685
0.155685	0.155685
0.155685	0.155685
0.155685	0.155685
0.155686	0.155686
0.155686	0.155686
0.155686	0.155686
0.155687	0.155687
0.155688	0.155688
0.155688	0.155688
0.155688	0.155688
0.155689	0.155689
0.15569	0.15569
0.15569	0.15569
0.155691	0.155691
0.155695	0.155695
0.155696	0.155696
0.155696	0.155696
0.155697	0.155697
0.155697	0.155697
0.155699	0.155699
0.1557	0.1557
0.155701	0.155701
0.155705	0.155705
0.15587	0.15587
0.15628	0.15628
0.156354	0.156354
0.156355	0.156355
0.156355	0.156355
0.156355	0.156355
0.156358	0.156358
0.156358	0.156358
0.156358	0.156358
0.156358	0.156358
0.156359	0.156359
0.15636	0.15636
0.15636	0.15636
0.156362	0.156362
0.156362	0.156362
0.156363	0.156363
0.156363	0.156363
0.156364	0.156364
0.156364	0.156364
0.156364	0.156364
0.156365	0.156365
0.156365	0.156365
0.156365	0.156365
0.156365	0.156365
0.156366	0.156366
0.156367	0.156367
0.156367	0.156367
0.156368	0.156368
0.156368	0.156368
0.156368	0.156368
0.156369	0.156369
0.15637	0.15637
0.156374	0.156374
0.15647	0.15647
0.156885	0.156885
0.157029	0.157029
0.15703	0.15703
0.15703	0.15703
0.15703	0.15703
0.157031	0.157031
0.157031	0.157031
0.157033	0.157033
0.157033	0.157033
0.157034	0.157034
0.157035	0.157035
0.157035	0.157035
0.157035	0.157035
0.157037	0.157037
0.157038	0.157038
0.157039	0.157039
0.157039	0.157039
0.157039	0.157039
0.15704	0.15704
0.15704	0.15704
0.157041	0.157041
0.157041	0.157041
0.157042	0.157042
0.157042	0.157042
0.157044	0.157044
0.157044	0.157044
0.157044	0.157044
0.157045	0.157045
0.157046	0.157046
0.157046	0.157046
0.157047	0.157047
0.157051	0.157051
0.157098	0.157098
0.157483	0.157483
0.157697	0.157697
0.157699	0.157699
0.157701	0.157701
0.157702	0.157702
0.157704	0.157704
0.157704	0.157704
0.157704	0.157704
0.157705	0.157705
0.157706	0.157706
0.157707	0.157707
0.157707	0.157707
0.157708	0.157708
0.157708	0.157708
0.157709	0.157709
0.157712	0.157712
0.157712	0.157712
0.157713	0.157713
0.157713	0.157713
0.157713	0.157713
0.157713	0.157713
0.157714	0.157714
0.157715	0.157715
0.157715	0.157715
0.157717	0.157717
0.157718	0.157718
0.157718	0.157718
0.15772	0.15772
0.157721	0.157721
0.157721	0.157721
0.157721	0.157721
0.157732	0.157732
0.157742	0.157742
0.158057	0.158057
0.158379	0.158379
0.158381	0.158381
0.158382	0.158382
0.158384	0.158384
0.158384	0.158384
0.158384	0.158384
0.158385	0.158385
0.158386	0.158386
0.158386	0.158386
0.158387	0.158387
0.158387	0.158387
0.158388	0.158388
0.158389	0.158389
0.158389	0.158389
0.158389	0.158389
0.158389	0.158389
0.158389	0.158389
0.158389	0.158389
0.158391	0.158391
0.158391	0.158391
0.158391	0.158391
0.158392	0.158392
0.158393	0.158393
0.158393	0.158393
0.158393	0.158393
0.158394	0.158394
0.158394	0.158394
0.158398	0.158398
0.158398	0.158398
0.158399	0.158399
0.1584	0.1584
0.158412	0.158412
0.158648	0.158648
0.15902	0.15902
0.159049	0.159049
0.159049	0.159049
0.159051	0.159051
0.159053	0.159053
0.159054	0.159054
0.159054	0.159054
0.159055	0.159055
0.159056	0.159056
0.159056	0.159056
0.159057	0.159057
0.159058	0.159058
0.159059	0.159059
0.159059	0.159059
0.159062	0.159062
0.159062	0.159062
0.159063	0.159063
0.159063	0.159063
0.159063	0.159063
0.159063	0.159063
0.159063	0.159063
0.159063	0.159063
0.159064	0.159064
0.159064	0.159064
0.159065	0.159065
0.159067	0.159067
0.159067	0.159067
0.159068	0.159068
0.159072	0.159072
0.159073	0.159073
0.159073	0.159073
0.159075	0.159075
0.159237	0.159237
0.159638	0.159638
0.159729	0.159729
0.159731	0.159731
0.159732	0.159732
0.159733	0.159733
0.159733	0.159733
0.159733	0.159733
0.159733	0.159733
0.159734	0.159734
0.159735	0.159735
0.159736	0.159736
0.159736	0.159736
0.159736	0.159736
0.159737	0.159737
0.159737	0.159737
0.159737	0.159737
0.159738	0.159738
0.159739	0.159739
0.159739	0.159739
0.15974	0.15974
0.159741	0.159741
0.159741	0.159741
0.159743	0.159743
0.159744	0.159744
0.159744	0.159744
0.159745	0.159745
0.159745	0.159745
0.159745	0.159745
0.159747	0.159747
0.159748	0.159748
0.15975	0.15975
0.15975	0.15975
0.159859	0.159859
0.160247	0.160247
0.160402	0.160402
0.160403	0.160403
0.160404	0.160404
0.160404	0.160404
0.160406	0.160406
0.160407	0.160407
0.160408	0.160408
0.160409	0.160409
0.16041	0.16041
0.16041	0.16041
0.16041	0.16041
0.16041	0.16041
0.160411	0.160411
0.160412	0.160412
0.160412	0.160412
0.160414	0.160414
0.160414	0.160414
0.160414	0.160414
0.160414	0.160414
0.160414	0.160414
0.160414	0.160414
0.160415	0.160415
0.160416	0.160416
0.160417	0.160417
0.160418	0.160418
0.160418	0.160418
0.16042	0.16042
0.160421	0.160421
0.160422	0.160422
0.160423	0.160423
0.160425	0.160425
0.160479	0.160479
0.160856	0.160856
0.161071	0.161071
0.161077	0.161077
0.161078	0.161078
0.16108	0.16108
0.16108	0.16108
0.161082	0.161082
0.161082	0.161082
0.161082	0.161082
0.161083	0.161083
0.161083	0.161083
0.161085	0.161085
0.161085	0.161085
0.161086	0.161086
0.161087	0.161087
0.161087	0.161087
0.161089	0.161089
0.161089	0.161089
0.161089	0.161089
0.16109	0.16109
0.161093	0.161093
0.161093	0.161093
0.161093	0.161093
0.161094	0.161094
0.161094	0.161094
0.161094	0.161094
0.161094	0.161094
0.161097	0.161097
0.161097	0.161097
0.161097	0.161097
0.161102	0.161102
0.161102	0.161102
0.161119	0.161119
0.161425	0.161425
0.161746	0.161746
0.161753	0.161753
0.161753	0.161753
0.161755	0.161755
0.161756	0.161756
0.161757	0.161757
0.161758	0.161758
0.161758	0.161758
0.161758	0.161758
0.161759	0.161759
0.16176	0.16176
0.161761	0.161761
0.161763	0.161763
0.161764	0.161764
0.161764	0.161764
0.161764	0.161764
0.161764	0.161764
0.161765	0.161765
0.161766	0.161766
0.161766	0.161766
0.161766	0.161766
0.161766	0.161766
0.161767	0.161767
0.161769	0.161769
0.161769	0.161769
0.161769	0.161769
0.16177	0.16177
0.161771	0.161771
0.161772	0.161772
0.161772	0.161772
0.161774	0.161774
0.161776	0.161776
0.162014	0.162014
0.162379	0.162379
0.162427	0.162427
0.162428	0.162428
0.162429	0.162429
0.16243	0.16243
0.162431	0.162431
0.162432	0.162432
0.162432	0.162432
0.162433	0.162433
0.162434	0.162434
0.162435	0.162435
0.162435	0.162435
0.162436	0.162436
0.162437	0.162437
0.162438	0.162438
0.162438	0.162438
0.162438	0.162438
0.162438	0.162438
0.162439	0.162439
0.162441	0.162441
0.162442	0.162442
0.162442	0.162442
0.162444	0.162444
0.162444	0.162444
0.162444	0.162444
0.162444	0.162444
0.162445	0.162445
0.162446	0.162446
0.162446	0.162446
0.162446	0.162446
0.162456	0.162456
0.162464	0.162464
0.162621	0.162621
0.163001	0.163001
0.163099	0.163099
0.163099	0.163099
0.163099	0.163099
0.163101	0.163101
0.163106	0.163106
0.163107	0.163107
0.163107	0.163107
0.163107	0.163107
0.163108	0.163108
0.163108	0.163108
0.163108	0.163108
0.163109	0.163109
0.16311	0.16311
0.163113	0.163113
0.163113	0.163113
0.163114	0.163114
0.163114	0.163114
0.163114	0.163114
0.163115	0.163115
0.163115	0.163115
0.163115	0.163115
0.163116	0.163116
0.163116	0.163116
0.16312	0.16312
0.163122	0.163122
0.163123	0.163123
0.163123	0.163123
0.163126	0.163126
0.163127	0.163127
0.163129	0.163129
0.163132	0.163132
0.163227	0.163227
0.163588	0.163588
0.163779	0.163779
0.163781	0.163781
0.163783	0.163783
0.163783	0.163783
0.163783	0.163783
0.163783	0.163783
0.163785	0.163785
0.163787	0.163787
0.163788	0.163788
0.163789	0.163789
0.163789	0.163789
0.163789	0.163789
0.163789	0.163789
0.163789	0.163789
0.16379	0.16379
0.16379	0.16379
0.163791	0.163791
0.163791	0.163791
0.163792	0.163792
0.163792	0.163792
0.163792	0.163792
0.163793	0.163793
0.163794	0.163794
0.163794	0.163794
0.163795	0.163795
0.163796	0.163796
0.163796	0.163796
0.163797	0.163797
0.163799	0.163799
0.1638	0.1638
0.163803	0.163803
0.163866	0.163866
0.164177	0.164177
0.164446	0.164446
0.164448	0.164448
0.164451	0.164451
0.164457	0.164457
0.164457	0.164457
0.164459	0.164459
0.164461	0.164461
0.164462	0.164462
0.164462	0.164462
0.164463	0.164463
0.164463	0.164463
0.164464	0.164464
0.164464	0.164464
0.164465	0.164465
0.164465	0.164465
0.164466	0.164466
0.164467	0.164467
0.164467	0.164467
0.164467	0.164467
0.164467	0.164467
0.164468	0.164468
0.164468	0.164468
0.164469	0.164469
0.164469	0.164469
0.164471	0.164471
0.164474	0.164474
0.164474	0.164474
0.164476	0.164476
0.164476	0.164476
0.164481	0.164481
0.164482	0.164482
0.164492	0.164492
0.164784	0.164784
0.16512	0.16512
0.165123	0.165123
0.165124	0.165124
0.165126	0.165126
0.165131	0.165131
0.165131	0.165131
0.165131	0.165131
0.165132	0.165132
0.165132	0.165132
0.165133	0.165133
0.165133	0.165133
0.165139	0.165139
0.165139	0.165139
0.16514	0.16514
0.16514	0.16514
0.16514	0.16514
0.165141	0.165141
0.165141	0.165141
0.165142	0.165142
0.165143	0.165143
0.165144	0.165144
0.165147	0.165147
0.165147	0.165147
0.165148	0.165148
0.165149	0.165149
0.16515	0.16515
0.165151	0.165151
0.165152	0.165152
0.165152	0.165152
0.165153	0.165153
0.165156	0.165156
0.165163	0.165163
0.165392	0.165392
0.165734	0.165734
0.165804	0.165804
0.165805	0.165805
0.165806	0.165806
0.165806	0.165806
0.165808	0.165808
0.165808	0.165808
0.165809	0.165809
0.16581	0.16581
0.165811	0.165811
0.165811	0.165811
0.165811	0.165811
0.165813	0.165813
0.165813	0.165813
0.165813	0.165813
0.165814	0.165814
0.165814	0.165814
0.165814	0.165814
0.165815	0.165815
0.165815	0.165815
0.165815	0.165815
0.165817	0.165817
0.165817	0.165817
0.165818	0.165818
0.165818	0.165818
0.165818	0.165818
0.165821	0.165821
0.165821	0.165821
0.165822	0.165822
0.165823	0.165823
0.165824	0.165824
0.165826	0.165826
0.166001	0.166001
0.166336	0.166336
0.166475	0.166475
0.166481	0.166481
0.166483	0.166483
0.166483	0.166483
0.166483	0.166483
0.166484	0.166484
0.166484	0.166484
0.166484	0.166484
0.166485	0.166485
0.166487	0.166487
0.166487	0.166487
0.166488	0.166488
0.16649	0.16649
0.166491	0.166491
0.166492	0.166492
0.166492	0.166492
0.166492	0.166492
0.166492	0.166492
0.166493	0.166493
0.166493	0.166493
0.166495	0.166495
0.166497	0.166497
0.166497	0.166497
0.166497	0.166497
0.166497	0.166497
0.166497	0.166497
0.166501	0.166501
0.166504	0.166504
0.166504	0.166504
0.166504	0.166504
0.166508	0.166508
0.166607	0.166607
0.166927	0.166927
0.167153	0.167153
0.167153	0.167153
0.167154	0.167154
0.167154	0.167154
0.167156	0.167156
0.167156	0.167156
0.167159	0.167159
0.167161	0.167161
0.167161	0.167161
0.167162	0.167162
0.167163	0.167163
0.167163	0.167163
0.167164	0.167164
0.167164	0.167164
0.167165	0.167165
0.167166	0.167166
0.167166	0.167166
0.167166	0.167166
0.167167	0.167167
0.167168	0.167168
0.167169	0.167169
0.167169	0.167169
0.16717	0.16717
0.167171	0.167171
0.167172	0.167172
0.167174	0.167174
0.167175	0.167175
0.167179	0.167179
0.16718	0.16718
0.167182	0.167182
0.167182	0.167182
0.16722	0.16722
0.167543	0.167543
0.167827	0.167827
0.167828	0.167828
0.16783	0.16783
0.16783	0.16783
0.167832	0.167832
0.167835	0.167835
0.167835	0.167835
0.167837	0.167837
0.167837	0.167837
0.167838	0.167838
0.16784	0.16784
0.16784	0.16784
0.167842	0.167842
0.167842	0.167842
0.167842	0.167842
0.167842	0.167842
0.167843	0.167843
0.167845	0.167845
0.167845	0.167845
0.167845	0.167845
0.167847	0.167847
0.167847	0.167847
0.167848	0.167848
0.167848	0.167848
0.167848	0.167848
0.167851	0.167851
0.167851	0.167851
0.167853	0.167853
0.167854	0.167854
0.167859	0.167859
0.16786	0.16786
0.167862	0.167862
0.168126	0.168126
0.16848	0.16848
0.168506	0.168506
0.168507	0.168507
0.168508	0.168508
0.16851	0.16851
0.168511	0.168511
0.168511	0.168511
0.168512	0.168512
0.168512	0.168512
0.168513	0.168513
0.168514	0.168514
0.168514	0.168514
0.168515	0.168515
0.168515	0.168515
0.168517	0.168517
0.168517	0.168517
0.168518	0.168518
0.168519	0.168519
0.168519	0.168519
0.168519	0.168519
0.16852	0.16852
0.16852	0.16852
0.16852	0.16852
0.16852	0.16852
0.168521	0.168521
0.168524	0.168524
0.168525	0.168525
0.168526	0.168526
0.168527	0.168527
0.168527	0.168527
0.168532	0.168532
0.168535	0.168535
0.168744	0.168744
0.169108	0.169108
0.169171	0.169171
0.169175	0.169175
0.169177	0.169177
0.16918	0.16918
0.169182	0.169182
0.169184	0.169184
0.169186	0.169186
0.169186	0.169186
0.169186	0.169186
0.169187	0.169187
0.169187	0.169187
0.169188	0.169188
0.169188	0.169188
0.169189	0.169189
0.169191	0.169191
0.169192	0.169192
0.169193	0.169193
0.169193	0.169193
0.169194	0.169194
0.169195	0.169195
0.169196	0.169196
0.169198	0.169198
0.169198	0.169198
0.169199	0.169199
0.169202	0.169202
0.169203	0.169203
0.169205	0.169205
0.169205	0.169205
0.169205	0.169205
0.169206	0.169206
0.169212	0.169212
0.169329	0.169329
0.169691	0.169691
0.169851	0.169851
0.169854	0.169854
0.169855	0.169855
0.169857	0.169857
0.169859	0.169859
0.169861	0.169861
0.169861	0.169861
0.169861	0.169861
0.169863	0.169863
0.169863	0.169863
0.169864	0.169864
0.169864	0.169864
0.169865	0.169865
0.169866	0.169866
0.169866	0.169866
0.169866	0.169866
0.169866	0.169866
0.169868	0.169868
0.169868	0.169868
0.169869	0.169869
0.169871	0.169871
0.169872	0.169872
0.169872	0.169872
0.169873	0.169873
0.169873	0.169873
0.169874	0.169874
0.169874	0.169874
0.169876	0.169876
0.169877	0.169877
0.169884	0.169884
0.169889	0.169889
0.16995	0.16995
0.170273	0.170273
0.170529	0.170529
0.170529	0.170529
0.170531	0.170531
0.170531	0.170531
0.170535	0.170535
0.170537	0.170537
0.170537	0.170537
0.170537	0.170537
0.170539	0.170539
0.17054	0.17054
0.170542	0.170542
0.170542	0.170542
0.170542	0.170542
0.170542	0.170542
0.170543	0.170543
0.170544	0.170544
0.170544	0.170544
0.170545	0.170545
0.170546	0.170546
0.170548	0.170548
0.170548	0.170548
0.170549	0.170549
0.170549	0.170549
0.170549	0.170549
0.170549	0.170549
0.17055	0.17055
0.170551	0.170551
0.170553	0.170553
0.170554	0.170554
0.170556	0.170556
0.170563	0.170563
0.170581	0.170581
0.170878	0.170878
0.171198	0.171198
0.171204	0.171204
0.171207	0.171207
0.17121	0.17121
0.171212	0.171212
0.171212	0.171212
0.171212	0.171212
0.171212	0.171212
0.171213	0.171213
0.171213	0.171213
0.171215	0.171215
0.171215	0.171215
0.171215	0.171215
0.171216	0.171216
0.171216	0.171216
0.171218	0.171218
0.17122	0.17122
0.17122	0.17122
0.171222	0.171222
0.171225	0.171225
0.171225	0.171225
0.171227	0.171227
0.171227	0.171227
0.171228	0.171228
0.171229	0.171229
0.171229	0.171229
0.17123	0.17123
0.171231	0.171231
0.171231	0.171231
0.171232	0.171232
0.171233	0.171233
0.171237	0.171237
0.171497	0.171497
0.171829	0.171829
0.171876	0.171876
0.171881	0.171881
0.171882	0.171882
0.171883	0.171883
0.171884	0.171884
0.171891	0.171891
0.171892	0.171892
0.171892	0.171892
0.171893	0.171893
0.171893	0.171893
0.171895	0.171895
0.171895	0.171895
0.171895	0.171895
0.171896	0.171896
0.171896	0.171896
0.171897	0.171897
0.171898	0.171898
0.171898	0.171898
0.171898	0.171898
0.171899	0.171899
0.1719	0.1719
0.1719	0.1719
0.171901	0.171901
0.171901	0.171901
0.171902	0.171902
0.171902	0.171902
0.171905	0.171905
0.171906	0.171906
0.171906	0.171906
0.171908	0.171908
0.171909	0.171909
0.172097	0.172097
0.17244	0.17244
0.172547	0.172547
0.172555	0.172555
0.17256	0.17256
0.172562	0.172562
0.172565	0.172565
0.172565	0.172565
0.172565	0.172565
0.172566	0.172566
0.172566	0.172566
0.172567	0.172567
0.172567	0.172567
0.172568	0.172568
0.172568	0.172568
0.172569	0.172569
0.172569	0.172569
0.172569	0.172569
0.172572	0.172572
0.172572	0.172572
0.172572	0.172572
0.172572	0.172572
0.172573	0.172573
0.172574	0.172574
0.172576	0.172576
0.172577	0.172577
0.172577	0.172577
0.17258	0.17258
0.172581	0.172581
0.172581	0.172581
0.172583	0.172583
0.172583	0.172583
0.172584	0.172584
0.172683	0.172683
0.173035	0.173035
0.173224	0.173224
0.173225	0.173225
0.173226	0.173226
0.173229	0.173229
0.173234	0.173234
0.173236	0.173236
0.173237	0.173237
0.17324	0.17324
0.173243	0.173243
0.173244	0.173244
0.173244	0.173244
0.173244	0.173244
0.173245	0.173245
0.173245	0.173245
0.173245	0.173245
0.173245	0.173245
0.173246	0.173246
0.173247	0.173247
0.173248	0.173248
0.173249	0.173249
0.173249	0.173249
0.173251	0.173251
0.173251	0.173251
0.173252	0.173252
0.173254	0.173254
0.173255	0.173255
0.173255	0.173255
0.173255	0.173255
0.173256	0.173256
0.173258	0.173258
0.17327	0.17327
0.173312	0.173312
0.173624	0.173624
0.173907	0.173907
0.173911	0.173911
0.173912	0.173912
0.173913	0.173913
0.173914	0.173914
0.173914	0.173914
0.173914	0.173914
0.173915	0.173915
0.173917	0.173917
0.173917	0.173917
0.173917	0.173917
0.173917	0.173917
0.173918	0.173918
0.173919	0.173919
0.173919	0.173919
0.173919	0.173919
0.173919	0.173919
0.17392	0.17392
0.17392	0.17392
0.173924	0.173924
0.173924	0.173924
0.173924	0.173924
0.173927	0.173927
0.173927	0.173927
0.173928	0.173928
0.173929	0.173929
0.173929	0.173929
0.173929	0.173929
0.17393	0.17393
0.173935	0.173935
0.173935	0.173935
0.173939	0.173939
0.174224	0.174224
0.174566	0.174566
0.174578	0.174578
0.17458	0.17458
0.174582	0.174582
0.174583	0.174583
0.174584	0.174584
0.174585	0.174585
0.174588	0.174588
0.174588	0.174588
0.17459	0.17459
0.174591	0.174591
0.174591	0.174591
0.174592	0.174592
0.174593	0.174593
0.174593	0.174593
0.174594	0.174594
0.174595	0.174595
0.174595	0.174595
0.174595	0.174595
0.174596	0.174596
0.174597	0.174597
0.174597	0.174597
0.174599	0.174599
0.174599	0.174599
0.174599	0.174599
0.1746	0.1746
0.174601	0.174601
0.174602	0.174602
0.174603	0.174603
0.174604	0.174604
0.174604	0.174604
0.174616	0.174616
0.174832	0.174832
0.175178	0.175178
0.175254	0.175254
0.175257	0.175257
0.17526	0.17526
0.175262	0.175262
0.175266	0.175266
0.175266	0.175266
0.175267	0.175267
0.175267	0.175267
0.175267	0.175267
0.175268	0.175268
0.175268	0.175268
0.175268	0.175268
0.175268	0.175268
0.175268	0.175268
0.175268	0.175268
0.17527	0.17527
0.17527	0.17527
0.175271	0.175271
0.175271	0.175271
0.175271	0.175271
0.175271	0.175271
0.175272	0.175272
0.175272	0.175272
0.175272	0.175272
0.175273	0.175273
0.175276	0.175276
0.175279	0.175279
0.17528	0.17528
0.175285	0.175285
0.175287	0.175287
0.175289	0.175289
0.175403	0.175403
0.175792	0.175792
0.175932	0.175932
0.175937	0.175937
0.17594	0.17594
0.175941	0.175941
0.175943	0.175943
0.175944	0.175944
0.175944	0.175944
0.175944	0.175944
0.175944	0.175944
0.175945	0.175945
0.175946	0.175946
0.175946	0.175946
0.175947	0.175947
0.175948	0.175948
0.175948	0.175948
0.175949	0.175949
0.175949	0.175949
0.175949	0.175949
0.175951	0.175951
0.175951	0.175951
0.175952	0.175952
0.175953	0.175953
0.175953	0.175953
0.175953	0.175953
0.175955	0.175955
0.175957	0.175957
0.175959	0.175959
0.17596	0.17596
0.175962	0.175962
0.175962	0.175962
0.175963	0.175963
0.176021	0.176021
0.176373	0.176373
0.176604	0.176604
0.176611	0.176611
0.176612	0.176612
0.176613	0.176613
0.176613	0.176613
0.176617	0.176617
0.176617	0.176617
0.176617	0.176617
0.176619	0.176619
0.17662	0.17662
0.176621	0.176621
0.176622	0.176622
0.176622	0.176622
0.176623	0.176623
0.176624	0.176624
0.176625	0.176625
0.176627	0.176627
0.176628	0.176628
0.176628	0.176628
0.176628	0.176628
0.176629	0.176629
0.17663	0.17663
0.17663	0.17663
0.17663	0.17663
0.176631	0.176631
0.176633	0.176633
0.176636	0.176636
0.176636	0.176636
0.176636	0.176636
0.176638	0.176638
0.176639	0.176639
0.17665	0.17665
0.176962	0.176962
0.177282	0.177282
0.177285	0.177285
0.177286	0.177286
0.177287	0.177287
0.177288	0.177288
0.17729	0.17729
0.177291	0.177291
0.177293	0.177293
0.177294	0.177294
0.177294	0.177294
0.177295	0.177295
0.177296	0.177296
0.177296	0.177296
0.177297	0.177297
0.177297	0.177297
0.177299	0.177299
0.177299	0.177299
0.177299	0.177299
0.1773	0.1773
0.1773	0.1773
0.177301	0.177301
0.177301	0.177301
0.177301	0.177301
0.177301	0.177301
0.177302	0.177302
0.177303	0.177303
0.177305	0.177305
0.177309	0.177309
0.177309	0.177309
0.177311	0.177311
0.177312	0.177312
0.177314	0.177314
0.177568	0.177568
0.177918	0.177918
0.177955	0.177955
0.17796	0.17796
0.17796	0.17796
0.177963	0.177963
0.177964	0.177964
0.177964	0.177964
0.177965	0.177965
0.177967	0.177967
0.177968	0.177968
0.177968	0.177968
0.177969	0.177969
0.17797	0.17797
0.177971	0.177971
0.177974	0.177974
0.177976	0.177976
0.177976	0.177976
0.177976	0.177976
0.177976	0.177976
0.177977	0.177977
0.177977	0.177977
0.177977	0.177977
0.177978	0.177978
0.177979	0.177979
0.17798	0.17798
0.17798	0.17798
0.177981	0.177981
0.177981	0.177981
0.177982	0.177982
0.177982	0.177982
0.177987	0.177987
0.177993	0.177993
0.17816	0.17816
0.178531	0.178531
0.178632	0.178632
0.178637	0.178637
0.17864	0.17864
0.178644	0.178644
0.178644	0.178644
0.178644	0.178644
0.178645	0.178645
0.178645	0.178645
0.178646	0.178646
0.178646	0.178646
0.178646	0.178646
0.178647	0.178647
0.178647	0.178647
0.178648	0.178648
0.178648	0.178648
0.178649	0.178649
0.17865	0.17865
0.178651	0.178651
0.178651	0.178651
0.178652	0.178652
0.178652	0.178652
0.178653	0.178653
0.178653	0.178653
0.178655	0.178655
0.178656	0.178656
0.178656	0.178656
0.178657	0.178657
0.178658	0.178658
0.178658	0.178658
0.178659	0.178659
0.17866	0.17866
0.178751	0.178751
0.179116	0.179116
0.179304	0.179304
0.17931	0.17931
0.179315	0.179315
0.179318	0.179318
0.179318	0.179318
0.179319	0.179319
0.179319	0.179319
0.179321	0.179321
0.179321	0.179321
0.179322	0.179322
0.179322	0.179322
0.179322	0.179322
0.179324	0.179324
0.179325	0.179325
0.179326	0.179326
0.179328	0.179328
0.179328	0.179328
0.179329	0.179329
0.179329	0.179329
0.17933	0.17933
0.17933	0.17933
0.17933	0.17933
0.179331	0.179331
0.179331	0.179331
0.179333	0.179333
0.179333	0.179333
0.179333	0.179333
0.179336	0.179336
0.179339	0.179339
0.179342	0.179342
0.179342	0.179342
0.179373	0.179373
0.179704	0.179704
0.179972	0.179972
0.179989	0.179989
0.179989	0.179989
0.179991	0.179991
0.179991	0.179991
0.179994	0.179994
0.179994	0.179994
0.179995	0.179995
0.179996	0.179996
0.179997	0.179997
0.179997	0.179997
0.179998	0.179998
0.179999	0.179999
0.179999	0.179999
0.179999	0.179999
0.179999	0.179999
0.179999	0.179999
0.179999	0.179999
0.18	0.18
0.180001	0.180001
0.180004	0.180004
0.180005	0.180005
0.180007	0.180007
0.180007	0.180007
0.180007	0.180007
0.180008	0.180008
0.180009	0.180009
0.180009	0.180009
0.18001	0.18001
0.180011	0.180011
0.180017	0.180017
0.180024	0.180024
0.180296	0.180296
0.180639	0.180639
0.180663	0.180663
0.180668	0.180668
0.18067	0.18067
0.18067	0.18067
0.18067	0.18067
0.180671	0.180671
0.180672	0.180672
0.180672	0.180672
0.180673	0.180673
0.180673	0.180673
0.180673	0.180673
0.180673	0.180673
0.180676	0.180676
0.180676	0.180676
0.180677	0.180677
0.180678	0.180678
0.180679	0.180679
0.180679	0.180679
0.18068	0.18068
0.18068	0.18068
0.180682	0.180682
0.180682	0.180682
0.180683	0.180683
0.180684	0.180684
0.180686	0.180686
0.180687	0.180687
0.180687	0.180687
0.180687	0.180687
0.180689	0.180689
0.180689	0.180689
0.180693	0.180693
0.180871	0.180871
0.18127	0.18127
0.181336	0.181336
0.181339	0.181339
0.181343	0.181343
0.181345	0.181345
0.181346	0.181346
0.181347	0.181347
0.181347	0.181347
0.18135	0.18135
0.181351	0.181351
0.181351	0.181351
0.181352	0.181352
0.181352	0.181352
0.181352	0.181352
0.181352	0.181352
0.181352	0.181352
0.181353	0.181353
0.181354	0.181354
0.181355	0.181355
0.181356	0.181356
0.181357	0.181357
0.181359	0.181359
0.181359	0.181359
0.18136	0.18136
0.18136	0.18136
0.18136	0.18136
0.181361	0.181361
0.181363	0.181363
0.181363	0.181363
0.181365	0.181365
0.181367	0.181367
0.181374	0.181374
0.181447	0.181447
0.181866	0.181866
0.18201	0.18201
0.182011	0.182011
0.182012	0.182012
0.182016	0.182016
0.182018	0.182018
0.182022	0.182022
0.182025	0.182025
0.182025	0.182025
0.182026	0.182026
0.182026	0.182026
0.182027	0.182027
0.182027	0.182027
0.182029	0.182029
0.182029	0.182029
0.182029	0.182029
0.18203	0.18203
0.18203	0.18203
0.182032	0.182032
0.182032	0.182032
0.182033	0.182033
0.182034	0.182034
0.182034	0.182034
0.182035	0.182035
0.182035	0.182035
0.182035	0.182035
0.182036	0.182036
0.182038	0.182038
0.182039	0.182039
0.18204	0.18204
0.18204	0.18204
0.182047	0.182047
0.182061	0.182061
0.182476	0.182476
0.182694	0.182694
0.182696	0.182696
0.182697	0.182697
0.182699	0.182699
0.1827	0.1827
0.1827	0.1827
0.1827	0.1827
0.1827	0.1827
0.182701	0.182701
0.182701	0.182701
0.182701	0.182701
0.182701	0.182701
0.182701	0.182701
0.182701	0.182701
0.182702	0.182702
0.182702	0.182702
0.182703	0.182703
0.182703	0.182703
0.182704	0.182704
0.182704	0.182704
0.182704	0.182704
0.182706	0.182706
0.182706	0.182706
0.182707	0.182707
0.182708	0.182708
0.182709	0.182709
0.182709	0.182709
0.18271	0.18271
0.182711	0.182711
0.182714	0.182714
0.182717	0.182717
0.182724	0.182724
0.182996	0.182996
0.183365	0.183365
0.183367	0.183367
0.183369	0.183369
0.183372	0.183372
0.183373	0.183373
0.183373	0.183373
0.183374	0.183374
0.183375	0.183375
0.183376	0.183376
0.183376	0.183376
0.183377	0.183377
0.183378	0.183378
0.183379	0.183379
0.183379	0.183379
0.183381	0.183381
0.183381	0.183381
0.183381	0.183381
0.183381	0.183381
0.183381	0.183381
0.183382	0.183382
0.183382	0.183382
0.183382	0.183382
0.183382	0.183382
0.183383	0.183383
0.183385	0.183385
0.183386	0.183386
0.183389	0.183389
0.18339	0.18339
0.183392	0.183392
0.183393	0.183393
0.183395	0.183395
0.183398	0.183398
0.183605	0.183605
0.184001	0.184001
0.184029	0.184029
0.184035	0.184035
0.184042	0.184042
0.184043	0.184043
0.184046	0.184046
0.184047	0.184047
0.184048	0.184048
0.18405	0.18405
0.184051	0.184051
0.184053	0.184053
0.184053	0.184053
0.184053	0.184053
0.184053	0.184053
0.184055	0.184055
0.184056	0.184056
0.184056	0.184056
0.184057	0.184057
0.184057	0.184057
0.184057	0.184057
0.184057	0.184057
0.184059	0.184059
0.184059	0.184059
0.18406	0.18406
0.18406	0.18406
0.18406	0.18406
0.18406	0.18406
0.184062	0.184062
0.184066	0.184066
0.184066	0.184066
0.184072	0.184072
0.184075	0.184075
0.184195	0.184195
0.184598	0.184598
0.184712	0.184712
0.18472	0.18472
0.184721	0.184721
0.184724	0.184724
0.184724	0.184724
0.184724	0.184724
0.184725	0.184725
0.184725	0.184725
0.184726	0.184726
0.184726	0.184726
0.184728	0.184728
0.184729	0.184729
0.184729	0.184729
0.184729	0.184729
0.184729	0.184729
0.18473	0.18473
0.184731	0.184731
0.184733	0.184733
0.184734	0.184734
0.184735	0.184735
0.184735	0.184735
0.184736	0.184736
0.184736	0.184736
0.18474	0.18474
0.184741	0.184741
0.184742	0.184742
0.184746	0.184746
0.184747	0.184747
0.184748	0.184748
0.184749	0.184749
0.184752	0.184752
0.184782	0.184782
0.185189	0.185189
0.185387	0.185387
0.185388	0.185388
0.185391	0.185391
0.1854	0.1854
0.185401	0.185401
0.185403	0.185403
0.185403	0.185403
0.185404	0.185404
0.185406	0.185406
0.185406	0.185406
0.185407	0.185407
0.185407	0.185407
0.185407	0.185407
0.185409	0.185409
0.18541	0.18541
0.18541	0.18541
0.185411	0.185411
0.185411	0.185411
0.185411	0.185411
0.185413	0.185413
0.185415	0.185415
0.185416	0.185416
0.185416	0.185416
0.185418	0.185418
0.185419	0.185419
0.185419	0.185419
0.18542	0.18542
0.185421	0.185421
0.185422	0.185422
0.185422	0.185422
0.185422	0.185422
0.185428	0.185428
0.185765	0.185765
0.186066	0.186066
0.186067	0.186067
0.186071	0.186071
0.186072	0.186072
0.186072	0.186072
0.186073	0.186073
0.186076	0.186076
0.186077	0.186077
0.186077	0.186077
0.186079	0.186079
0.186082	0.186082
0.186082	0.186082
0.186085	0.186085
0.186085	0.186085
0.186086	0.186086
0.186086	0.186086
0.186087	0.186087
0.186087	0.186087
0.186087	0.186087
0.186087	0.186087
0.186087	0.186087
0.186088	0.186088
0.186088	0.186088
0.186089	0.186089
0.186093	0.186093
0.186095	0.186095
0.186096	0.186096
0.186096	0.186096
0.186099	0.186099
0.186099	0.186099
0.186104	0.186104
0.186104	0.186104
0.186315	0.186315
0.186714	0.186714
0.18673	0.18673
0.18675	0.18675
0.18675	0.18675
0.186751	0.186751
0.186752	0.186752
0.186753	0.186753
0.186753	0.186753
0.186754	0.186754
0.186754	0.186754
0.186754	0.186754
0.186755	0.186755
0.186756	0.186756
0.186757	0.186757
0.186759	0.186759
0.18676	0.18676
0.18676	0.18676
0.186761	0.186761
0.186762	0.186762
0.186762	0.186762
0.186763	0.186763
0.186763	0.186763
0.186764	0.186764
0.186764	0.186764
0.186766	0.186766
0.186768	0.186768
0.186772	0.186772
0.186772	0.186772
0.186772	0.186772
0.186775	0.186775
0.186777	0.186777
0.186784	0.186784
0.186904	0.186904
0.18735	0.18735
0.187415	0.187415
0.187418	0.187418
0.187422	0.187422
0.187423	0.187423
0.187423	0.187423
0.187424	0.187424
0.187425	0.187425
0.187426	0.187426
0.187426	0.187426
0.187429	0.187429
0.18743	0.18743
0.187432	0.187432
0.187433	0.187433
0.187433	0.187433
0.187434	0.187434
0.187434	0.187434
0.187434	0.187434
0.187436	0.187436
0.187437	0.187437
0.187437	0.187437
0.187438	0.187438
0.187439	0.187439
0.18744	0.18744
0.18744	0.18744
0.187442	0.187442
0.187442	0.187442
0.187444	0.187444
0.187445	0.187445
0.187446	0.187446
0.187448	0.187448
0.187452	0.187452
0.187503	0.187503
0.187904	0.187904
0.188087	0.188087
0.188091	0.188091
0.188091	0.188091
0.188097	0.188097
0.1881	0.1881
0.1881	0.1881
0.188101	0.188101
0.188103	0.188103
0.188103	0.188103
0.188103	0.188103
0.188103	0.188103
0.188104	0.188104
0.188105	0.188105
0.188106	0.188106
0.188106	0.188106
0.188106	0.188106
0.188106	0.188106
0.188107	0.188107
0.188112	0.188112
0.188113	0.188113
0.188113	0.188113
0.188115	0.188115
0.188115	0.188115
0.188116	0.188116
0.188117	0.188117
0.188119	0.188119
0.188121	0.188121
0.188123	0.188123
0.188123	0.188123
0.188124	0.188124
0.188125	0.188125
0.188137	0.188137
0.188493	0.188493
0.188765	0.188765
0.188776	0.188776
0.188778	0.188778
0.18878	0.18878
0.188781	0.188781
0.188783	0.188783
0.188785	0.188785
0.188785	0.188785
0.188786	0.188786
0.188787	0.188787
0.188788	0.188788
0.188788	0.188788
0.188788	0.188788
0.188788	0.188788
0.188788	0.188788
0.18879	0.18879
0.18879	0.18879
0.188792	0.188792
0.188793	0.188793
0.188793	0.188793
0.188793	0.188793
0.188793	0.188793
0.188794	0.188794
0.188794	0.188794
0.188795	0.188795
0.188795	0.188795
0.188795	0.188795
0.188796	0.188796
0.188797	0.188797
0.188798	0.188798
0.1888	0.1888
0.188802	0.188802
0.189029	0.189029
0.189434	0.189434
0.189442	0.189442
0.189442	0.189442
0.189443	0.189443
0.189447	0.189447
0.189449	0.189449
0.18945	0.18945
0.189451	0.189451
0.189452	0.189452
0.189454	0.189454
0.189455	0.189455
0.189457	0.189457
0.189459	0.189459
0.189461	0.189461
0.189461	0.189461
0.189462	0.189462
0.189462	0.189462
0.189464	0.189464
0.189464	0.189464
0.189465	0.189465
0.189465	0.189465
0.189466	0.189466
0.189466	0.189466
0.189467	0.189467
0.189467	0.189467
0.189469	0.189469
0.189469	0.189469
0.189471	0.189471
0.189472	0.189472
0.189476	0.189476
0.189476	0.189476
0.189482	0.189482
0.189593	0.189593
0.190078	0.190078
0.190125	0.190125
0.190132	0.190132
0.190132	0.190132
0.190133	0.190133
0.190133	0.190133
0.190133	0.190133
0.190133	0.190133
0.190135	0.190135
0.190137	0.190137
0.190137	0.190137
0.190137	0.190137
0.190137	0.190137
0.190137	0.190137
0.190137	0.190137
0.190138	0.190138
0.190139	0.190139
0.190139	0.190139
0.19014	0.19014
0.19014	0.19014
0.190142	0.190142
0.190145	0.190145
0.190145	0.190145
0.190146	0.190146
0.190146	0.190146
0.190146	0.190146
0.190147	0.190147
0.190149	0.190149
0.19015	0.19015
0.19015	0.19015
0.190152	0.190152
0.190161	0.190161
0.190195	0.190195
0.190652	0.190652
0.1908	0.1908
0.190801	0.190801
0.190801	0.190801
0.190803	0.190803
0.190805	0.190805
0.190807	0.190807
0.190807	0.190807
0.190808	0.190808
0.190809	0.190809
0.19081	0.19081
0.19081	0.19081
0.19081	0.19081
0.190811	0.190811
0.190812	0.190812
0.190813	0.190813
0.190814	0.190814
0.190815	0.190815
0.190815	0.190815
0.190817	0.190817
0.190817	0.190817
0.190817	0.190817
0.190817	0.190817
0.190819	0.190819
0.190823	0.190823
0.190826	0.190826
0.190826	0.190826
0.190826	0.190826
0.190827	0.190827
0.190827	0.190827
0.190829	0.190829
0.190832	0.190832
0.190837	0.190837
0.191226	0.191226
0.191471	0.191471
0.191474	0.191474
0.191482	0.191482
0.191482	0.191482
0.191483	0.191483
0.191484	0.191484
0.191487	0.191487
0.191488	0.191488
0.191489	0.191489
0.191489	0.191489
0.19149	0.19149
0.191491	0.191491
0.191493	0.191493
0.191493	0.191493
0.191494	0.191494
0.191494	0.191494
0.191495	0.191495
0.191495	0.191495
0.191496	0.191496
0.191496	0.191496
0.191496	0.191496
0.191498	0.191498
0.191498	0.191498
0.191499	0.191499
0.1915	0.1915
0.191501	0.191501
0.191501	0.191501
0.191502	0.191502
0.191504	0.191504
0.191515	0.191515
0.191515	0.191515
0.191518	0.191518
0.191737	0.191737
0.192142	0.192142
0.192153	0.192153
0.192155	0.192155
0.192158	0.192158
0.192159	0.192159
0.192159	0.192159
0.19216	0.19216
0.19216	0.19216
0.192161	0.192161
0.192164	0.192164
0.192164	0.192164
0.192165	0.192165
0.192165	0.192165
0.192165	0.192165
0.192166	0.192166
0.192166	0.192166
0.192166	0.192166
0.192167	0.192167
0.192168	0.192168
0.192168	0.192168
0.19217	0.19217
0.19217	0.19217
0.19217	0.19217
0.192171	0.192171
0.192171	0.192171
0.192172	0.192172
0.192174	0.192174
0.192175	0.192175
0.192175	0.192175
0.192179	0.192179
0.192181	0.192181
0.192184	0.192184
0.192309	0.192309
0.192797	0.192797
0.192817	0.192817
0.192822	0.192822
0.192825	0.192825
0.192827	0.192827
0.192829	0.192829
0.192832	0.192832
0.192834	0.192834
0.192836	0.192836
0.192837	0.192837
0.192838	0.192838
0.192838	0.192838
0.192841	0.192841
0.192841	0.192841
0.192842	0.192842
0.192842	0.192842
0.192843	0.192843
0.192844	0.192844
0.192845	0.192845
0.192845	0.192845
0.192845	0.192845
0.192845	0.192845
0.192846	0.192846
0.192846	0.192846
0.192846	0.192846
0.192848	0.192848
0.192848	0.192848
0.192849	0.192849
0.19285	0.19285
0.192854	0.192854
0.192855	0.192855
0.192863	0.192863
0.192896	0.192896
0.193391	0.193391
0.193501	0.193501
0.193504	0.193504
0.193505	0.193505
0.193506	0.193506
0.193509	0.193509
0.193509	0.193509
0.193511	0.193511
0.193511	0.193511
0.193512	0.193512
0.193513	0.193513
0.193513	0.193513
0.193514	0.193514
0.193514	0.193514
0.193516	0.193516
0.193516	0.193516
0.193518	0.193518
0.193519	0.193519
0.193519	0.193519
0.193519	0.193519
0.193519	0.193519
0.193519	0.193519
0.19352	0.19352
0.193521	0.193521
0.193523	0.193523
0.193524	0.193524
0.193527	0.193527
0.193527	0.193527
0.193527	0.193527
0.193527	0.193527
0.193532	0.193532
0.193534	0.193534
0.193546	0.193546
0.193962	0.193962
0.194175	0.194175
0.194177	0.194177
0.194179	0.194179
0.194182	0.194182
0.194183	0.194183
0.194185	0.194185
0.194189	0.194189
0.19419	0.19419
0.19419	0.19419
0.19419	0.19419
0.19419	0.19419
0.194191	0.194191
0.194191	0.194191
0.194192	0.194192
0.194193	0.194193
0.194193	0.194193
0.194193	0.194193
0.194194	0.194194
0.194195	0.194195
0.194195	0.194195
0.194195	0.194195
0.194197	0.194197
0.194202	0.194202
0.194203	0.194203
0.194204	0.194204
0.194204	0.194204
0.194204	0.194204
0.194205	0.194205
0.194207	0.194207
0.194208	0.194208
0.194212	0.194212
0.194213	0.194213
0.194465	0.194465
0.194851	0.194851
0.194852	0.194852
0.194857	0.194857
0.194857	0.194857
0.194859	0.194859
0.194859	0.194859
0.19486	0.19486
0.194861	0.194861
0.194865	0.194865
0.194865	0.194865
0.194866	0.194866
0.194866	0.194866
0.194867	0.194867
0.194868	0.194868
0.194868	0.194868
0.19487	0.19487
0.19487	0.19487
0.194872	0.194872
0.194873	0.194873
0.194873	0.194873
0.194874	0.194874
0.194874	0.194874
0.194874	0.194874
0.194881	0.194881
0.194882	0.194882
0.194883	0.194883
0.194884	0.194884
0.194884	0.194884
0.194885	0.194885
0.194888	0.194888
0.194889	0.194889
0.194889	0.194889
0.195021	0.195021
0.195513	0.195513
0.195527	0.195527
0.195535	0.195535
0.195536	0.195536
0.195537	0.195537
0.195538	0.195538
0.19554	0.19554
0.19554	0.19554
0.19554	0.19554
0.19554	0.19554
0.195541	0.195541
0.195542	0.195542
0.195543	0.195543
0.195544	0.195544
0.195544	0.195544
0.195545	0.195545
0.195545	0.195545
0.195547	0.195547
0.195548	0.195548
0.195549	0.195549
0.19555	0.19555
0.19555	0.19555
0.195552	0.195552
0.195552	0.195552
0.195554	0.195554
0.195554	0.195554
0.195557	0.195557
0.195559	0.195559
0.19556	0.19556
0.195561	0.195561
0.195561	0.195561
0.195567	0.195567
0.195588	0.195588
0.196136	0.196136
0.196193	0.196193
0.196202	0.196202
0.196206	0.196206
0.196207	0.196207
0.196208	0.196208
0.196208	0.196208
0.196209	0.196209
0.196211	0.196211
0.196213	0.196213
0.196213	0.196213
0.196214	0.196214
0.196214	0.196214
0.196216	0.196216
0.196219	0.196219
0.19622	0.19622
0.19622	0.19622
0.196221	0.196221
0.196226	0.196226
0.196226	0.196226
0.196226	0.196226
0.196227	0.196227
0.196229	0.196229
0.19623	0.19623
0.19623	0.19623
0.19623	0.19623
0.19623	0.19623
0.196231	0.196231
0.196233	0.196233
0.196233	0.196233
0.196235	0.196235
0.196238	0.196238
0.19625	0.19625
0.196693	0.196693
0.196874	0.196874
0.196881	0.196881
0.196882	0.196882
0.196882	0.196882
0.196884	0.196884
0.196885	0.196885
0.196889	0.196889
0.196889	0.196889
0.196892	0.196892
0.196892	0.196892
0.196895	0.196895
0.196897	0.196897
0.196899	0.196899
0.196899	0.196899
0.1969	0.1969
0.196901	0.196901
0.196901	0.196901
0.196902	0.196902
0.196903	0.196903
0.196903	0.196903
0.196903	0.196903
0.196903	0.196903
0.196904	0.196904
0.196905	0.196905
0.196906	0.196906
0.196907	0.196907
0.196909	0.196909
0.196909	0.196909
0.196911	0.196911
0.196913	0.196913
0.196913	0.196913
0.196922	0.196922
0.197235	0.197235
0.19756	0.19756
0.197561	0.197561
0.197561	0.197561
0.197562	0.197562
0.197562	0.197562
0.197563	0.197563
0.197564	0.197564
0.197564	0.197564
0.197566	0.197566
0.197569	0.197569
0.197569	0.197569
0.197569	0.197569
0.19757	0.19757
0.19757	0.19757
0.197572	0.197572
0.197573	0.197573
0.197573	0.197573
0.197574	0.197574
0.197575	0.197575
0.197577	0.197577
0.197577	0.197577
0.197578	0.197578
0.197579	0.197579
0.197579	0.197579
0.197579	0.197579
0.19758	0.19758
0.197581	0.197581
0.197581	0.197581
0.197585	0.197585
0.197586	0.197586
0.197592	0.197592
0.197593	0.197593
0.197698	0.197698
0.198229	0.198229
0.198234	0.198234
0.198237	0.198237
0.19824	0.19824
0.198241	0.198241
0.198241	0.198241
0.198242	0.198242
0.198244	0.198244
0.198247	0.198247
0.198247	0.198247
0.198247	0.198247
0.198247	0.198247
0.198247	0.198247
0.198248	0.198248
0.198248	0.198248
0.198252	0.198252
0.198253	0.198253
0.198254	0.198254
0.198254	0.198254
0.198254	0.198254
0.198256	0.198256
0.198257	0.198257
0.198258	0.198258
0.198259	0.198259
0.198259	0.198259
0.19826	0.19826
0.19826	0.19826
0.198263	0.198263
0.198263	0.198263
0.198266	0.198266
0.198268	0.198268
0.198273	0.198273
0.19828	0.19828
0.198851	0.198851
0.198901	0.198901
0.198906	0.198906
0.198907	0.198907
0.198907	0.198907
0.198908	0.198908
0.19891	0.19891
0.198911	0.198911
0.198911	0.198911
0.198912	0.198912
0.198913	0.198913
0.198915	0.198915
0.198915	0.198915
0.198918	0.198918
0.198918	0.198918
0.19892	0.19892
0.198921	0.198921
0.198922	0.198922
0.198922	0.198922
0.198922	0.198922
0.198926	0.198926
0.198926	0.198926
0.198927	0.198927
0.198928	0.198928
0.198928	0.198928
0.198929	0.198929
0.198929	0.198929
0.198929	0.198929
0.19893	0.19893
0.198931	0.198931
0.198932	0.198932
0.198933	0.198933
0.199286	0.199286
0.199491	0.199491
0.199498	0.199498
0.199508	0.199508
0.19951	0.19951
0.199512	0.199512
0.199513	0.199513
0.199515	0.199515
0.199515	0.199515
0.199517	0.199517
0.199517	0.199517
0.199518	0.199518
0.199518	0.199518
0.199519	0.199519
0.199521	0.199521
0.199523	0.199523
0.199523	0.199523
0.199524	0.199524
0.199524	0.199524
0.199525	0.199525
0.199525	0.199525
0.199528	0.199528
0.199533	0.199533
0.199534	0.199534
0.199535	0.199535
0.199535	0.199535
0.199541	0.199541
0.199861	0.199861
0.200005	0.200005
0.200014	0.200014
0.200015	0.200015
0.200016	0.200016
0.200019	0.200019
0.200019	0.200019
0.20002	0.20002
0.200022	0.200022
0.200023	0.200023
0.200023	0.200023
0.200024	0.200024
0.200025	0.200025
0.200027	0.200027
0.20003	0.20003
0.20003	0.20003
0.200032	0.200032
0.200033	0.200033
0.200037	0.200037
0.200038	0.200038
0.200042	0.200042
0.200045	0.200045
0.200106	0.200106
0.200428	0.200428
0.200429	0.200429
0.200433	0.200433
0.200433	0.200433
0.200433	0.200433
0.200435	0.200435
0.200438	0.200438
0.200439	0.200439
0.200441	0.200441
0.200444	0.200444
0.200448	0.200448
0.200448	0.200448
0.200448	0.200448
0.200449	0.200449
0.20045	0.20045
0.200451	0.200451
0.200453	0.200453
0.200455	0.200455
0.200612	0.200612
0.20076	0.20076
0.200779	0.200779
0.20078	0.20078
0.20078	0.20078
0.20078	0.20078
0.200782	0.200782
0.200788	0.200788
0.200793	0.200793
0.200793	0.200793
0.200798	0.200798
0.200799	0.200799
0.200801	0.200801
0.200801	0.200801
0.200815	0.200815
0.200817	0.200817
0.201057	0.201057
0.201059	0.201059
0.201067	0.201067
0.201068	0.201068
0.201069	0.201069
0.20107	0.20107
0.201071	0.201071
0.201077	0.201077
0.201077	0.201077
0.20108	0.20108
0.201082	0.201082
0.201087	0.201087
0.20109	0.20109
0.201285	0.201285
0.201311	0.201311
0.20132	0.20132
0.201323	0.201323
0.201327	0.201327
0.201328	0.201328
0.201328	0.201328
0.201332	0.201332
0.201339	0.201339
0.201339	0.201339
0.201341	0.201341
0.201496	0.201496
0.201499	0.201499
0.201507	0.201507
0.201516	0.201516
0.201516	0.201516
0.20152	0.20152
0.201524	0.201524
0.201531	0.201531
0.201539	0.201539
0.201676	0.201676
0.201678	0.201678
0.201683	0.201683
0.201684	0.201684
0.201686	0.201686
0.201703	0.201703
0.201706	0.201706
0.201766	0.201766
0.201822	0.201822
0.201823	0.201823
0.201839	0.201839
0.201841	0.201841
0.201852	0.201852
0.20186	0.20186
0.201945	0.201945
0.201948	0.201948
0.201952	0.201952
0.201953	0.201953
0.201971	0.201971
0.202027	0.202027
0.202044	0.202044
0.202045	0.202045
0.202048	0.202048
0.202099	0.202099
0.202133	0.202133
0.202139	0.202139
0.202147	0.202147
0.202187	0.202187
0.202201	0.202201
0.202211	0.202211
0.202251	0.202251
0.202273	0.202273
0.202291	0.202291
0.202298	0.202298
0.202306	0.202306
0.202332	0.202332
0.202343	0.202343
0.202367	0.202367
0.202379	0.202379
0.202417	0.202417
0.202444	0.202444
0.202471	0.202471
0.202476	0.202476
0.202503	0.202503
0.20253	0.20253
0.202533	0.202533
0.202557	0.202557
0.202579	0.202579
0.202587	0.202587
0.202629	0.202629
0.202651	0.202651
0.202675	0.202675
0.202701	0.202701
0.202707	0.202707
0.202732	0.202732
0.202744	0.202744
0.20275	0.20275
0.202796	0.202796
0.202799	0.202799
0.202831	0.202831
0.20286	0.20286
0.202866	0.202866
0.2029	0.2029
0.202906	0.202906
0.202926	0.202926
0.202937	0.202937
0.20296	0.20296
0.202982	0.202982
)
