(title "Circumferential Averages")
(labels "Radius" "Static Temperature")

((xy/key/label "")
0.142001	299.806
0.14203	299.76
0.142043	299.644
0.14207	299.568
0.142088	299.481
0.142107	299.417
0.142117	299.357
0.142161	299.271
0.142163	299.313
0.142202	299.23
0.142205	299.215
0.142236	299.125
0.142242	299.139
0.142273	299.083
0.142299	299.06
0.142305	299.073
0.142346	299.026
0.142353	298.948
0.142362	298.966
0.142363	298.97
0.142438	298.866
0.142444	298.879
0.142447	298.895
0.142456	298.904
0.142507	298.823
0.142543	298.787
0.142545	298.791
0.142548	298.796
0.142553	298.807
0.142597	298.753
0.142659	298.673
0.142661	298.676
0.142664	298.682
0.142665	298.684
0.142667	298.688
0.142688	298.666
0.142794	298.532
0.142796	298.537
0.142796	298.537
0.142798	298.54
0.142798	298.542
0.142805	298.556
0.142806	298.558
0.142916	298.475
0.142964	298.407
0.142966	298.41
0.142966	298.411
0.14297	298.42
0.142974	298.428
0.142974	298.429
0.142976	298.431
0.142984	298.45
0.143101	298.354
0.143164	298.298
0.143165	298.3
0.143165	298.301
0.143167	298.303
0.143168	298.306
0.143171	298.313
0.143176	298.323
0.143176	298.324
0.14318	298.331
0.143184	298.339
0.143372	298.267
0.143401	298.236
0.143403	298.241
0.143408	298.252
0.143409	298.253
0.143411	298.258
0.143415	298.266
0.143415	298.267
0.143416	298.268
0.143416	298.269
0.143416	298.269
0.143417	298.27
0.143422	298.28
0.143661	298.271
0.143691	298.255
0.143692	298.256
0.143694	298.26
0.143696	298.264
0.143702	298.278
0.143702	298.278
0.143703	298.279
0.143703	298.279
0.143705	298.282
0.143705	298.284
0.143708	298.289
0.14371	298.294
0.143711	298.295
0.143718	298.31
0.143804	298.284
0.144045	298.299
0.144046	298.302
0.144046	298.302
0.144046	298.303
0.144047	298.304
0.144048	298.305
0.144049	298.307
0.144049	298.308
0.14405	298.31
0.14405	298.311
0.144051	298.312
0.144052	298.314
0.144053	298.316
0.144053	298.317
0.144057	298.325
0.144058	298.326
0.144064	298.339
0.144064	298.34
0.144297	298.315
0.144457	298.327
0.144461	298.336
0.144464	298.341
0.144465	298.342
0.144466	298.345
0.144466	298.345
0.144466	298.345
0.144467	298.347
0.144467	298.347
0.144467	298.348
0.144467	298.348
0.144468	298.349
0.144469	298.351
0.144471	298.354
0.144473	298.36
0.144473	298.36
0.144473	298.36
0.144474	298.361
0.144479	298.371
0.144482	298.377
0.144485	298.384
0.144588	298.4
0.144947	298.31
0.144959	298.334
0.144963	298.341
0.144963	298.343
0.144965	298.346
0.144967	298.351
0.144967	298.351
0.144968	298.352
0.144968	298.354
0.144969	298.354
0.144969	298.355
0.14497	298.356
0.144972	298.361
0.144972	298.361
0.144973	298.363
0.144973	298.363
0.144974	298.364
0.144974	298.364
0.144974	298.365
0.144974	298.365
0.144974	298.365
0.144975	298.367
0.144975	298.367
0.144979	298.375
0.144983	298.382
0.144984	298.386
0.14514	298.345
0.145563	298.307
0.145564	298.31
0.145567	298.315
0.145567	298.315
0.145567	298.315
0.145567	298.316
0.145568	298.318
0.145568	298.318
0.145569	298.318
0.145569	298.32
0.14557	298.32
0.145571	298.323
0.145571	298.324
0.145571	298.324
0.145572	298.325
0.145572	298.326
0.145572	298.326
0.145573	298.328
0.145573	298.328
0.145574	298.33
0.145575	298.331
0.145575	298.332
0.145575	298.333
0.145576	298.333
0.145576	298.334
0.145576	298.334
0.145578	298.337
0.145579	298.34
0.145581	298.344
0.145582	298.345
0.145585	298.352
0.14563	298.352
0.146206	298.282
0.146222	298.222
0.146223	298.223
0.146226	298.228
0.146231	298.238
0.146231	298.239
0.146232	298.241
0.146232	298.241
0.146232	298.242
0.146234	298.245
0.146234	298.245
0.146234	298.246
0.146235	298.247
0.146236	298.249
0.146236	298.25
0.146237	298.252
0.146237	298.252
0.146239	298.255
0.14624	298.257
0.14624	298.257
0.146241	298.259
0.146241	298.261
0.146242	298.261
0.146242	298.261
0.146242	298.262
0.146243	298.263
0.146243	298.264
0.146243	298.264
0.146244	298.265
0.146244	298.265
0.146244	298.265
0.146251	298.279
0.14627	298.292
0.14678	298.206
0.146895	298.15
0.146903	298.166
0.146904	298.167
0.146905	298.17
0.146907	298.174
0.146907	298.174
0.146908	298.176
0.146908	298.176
0.146908	298.177
0.146909	298.178
0.146909	298.179
0.146909	298.179
0.14691	298.18
0.14691	298.181
0.146911	298.183
0.146912	298.184
0.146912	298.186
0.146913	298.186
0.146914	298.188
0.146914	298.189
0.146914	298.189
0.146915	298.19
0.146915	298.19
0.146915	298.191
0.146917	298.194
0.146917	298.195
0.146918	298.196
0.146919	298.199
0.14692	298.201
0.14692	298.202
0.14692	298.202
0.146924	298.208
0.147338	298.147
0.147575	298.112
0.147578	298.117
0.147578	298.118
0.147578	298.118
0.14758	298.122
0.147581	298.125
0.147582	298.125
0.147583	298.127
0.147584	298.129
0.147584	298.129
0.147585	298.131
0.147585	298.131
0.147585	298.132
0.147586	298.134
0.147586	298.134
0.147587	298.135
0.147588	298.137
0.147588	298.138
0.147588	298.138
0.147591	298.144
0.147591	298.144
0.147592	298.145
0.147593	298.146
0.147593	298.148
0.147593	298.148
0.147594	298.15
0.147594	298.15
0.147594	298.15
0.147595	298.151
0.147595	298.153
0.147596	298.153
0.147596	298.153
0.147885	298.102
0.148246	298.064
0.148248	298.067
0.148248	298.067
0.148248	298.068
0.148252	298.075
0.148252	298.075
0.148253	298.078
0.148254	298.08
0.148256	298.084
0.148256	298.084
0.148257	298.086
0.148258	298.088
0.148258	298.088
0.148259	298.09
0.14826	298.091
0.14826	298.091
0.14826	298.092
0.148261	298.093
0.148261	298.093
0.148262	298.095
0.148262	298.095
0.148262	298.095
0.148263	298.098
0.148264	298.1
0.148266	298.103
0.148266	298.104
0.148269	298.11
0.14827	298.111
0.14827	298.112
0.148271	298.113
0.148274	298.119
0.148274	298.119
0.14845	298.109
0.14892	298.049
0.148925	298.058
0.148926	298.061
0.148927	298.062
0.148929	298.065
0.14893	298.068
0.14893	298.069
0.148932	298.072
0.148932	298.072
0.148932	298.073
0.148933	298.074
0.148934	298.076
0.148935	298.078
0.148937	298.082
0.148937	298.082
0.148938	298.083
0.148938	298.084
0.148938	298.084
0.148938	298.085
0.148938	298.085
0.148939	298.086
0.148939	298.086
0.148939	298.086
0.14894	298.088
0.14894	298.089
0.148941	298.09
0.148943	298.094
0.148943	298.095
0.148944	298.097
0.148945	298.098
0.148946	298.099
0.148951	298.111
0.149038	298.085
0.149559	298.072
0.149596	298.053
0.149597	298.055
0.149598	298.057
0.149602	298.065
0.149605	298.071
0.149607	298.074
0.149607	298.074
0.149608	298.077
0.149609	298.078
0.149609	298.078
0.149611	298.082
0.149611	298.083
0.149612	298.084
0.149612	298.085
0.149614	298.089
0.149617	298.094
0.149617	298.094
0.149617	298.094
0.149617	298.095
0.149618	298.097
0.149618	298.097
0.149619	298.098
0.149619	298.098
0.14962	298.1
0.14962	298.101
0.149621	298.103
0.149622	298.105
0.149623	298.106
0.149625	298.11
0.149626	298.113
0.14963	298.12
0.149661	298.082
0.150164	298.087
0.150278	298.068
0.150278	298.068
0.150278	298.068
0.150279	298.071
0.15028	298.072
0.15028	298.073
0.15028	298.073
0.150281	298.074
0.150282	298.076
0.150282	298.076
0.150282	298.076
0.150282	298.077
0.150283	298.078
0.150283	298.078
0.150283	298.078
0.150283	298.079
0.150285	298.083
0.150285	298.084
0.150286	298.084
0.150287	298.087
0.150288	298.089
0.15029	298.093
0.150292	298.096
0.150293	298.097
0.150293	298.099
0.150293	298.099
0.150296	298.104
0.150296	298.105
0.150296	298.105
0.150301	298.115
0.150313	298.103
0.150314	298.14
0.150731	298.063
0.150951	298.061
0.150952	298.061
0.150952	298.062
0.150952	298.062
0.150953	298.064
0.150957	298.071
0.150957	298.073
0.150958	298.074
0.150958	298.074
0.150959	298.077
0.15096	298.077
0.15096	298.077
0.15096	298.078
0.15096	298.078
0.150961	298.08
0.150962	298.082
0.150962	298.082
0.150963	298.083
0.150964	298.086
0.150965	298.088
0.150965	298.088
0.150965	298.088
0.150967	298.092
0.150969	298.095
0.15097	298.092
0.15097	298.097
0.15097	298.097
0.15097	298.098
0.15097	298.098
0.150971	298.1
0.150973	298.104
0.150974	298.105
0.151315	298.107
0.15162	298.052
0.151624	298.059
0.151631	298.074
0.151631	298.074
0.151632	298.074
0.151632	298.075
0.151632	298.076
0.151633	298.078
0.151634	298.079
0.151635	298.08
0.151635	298.081
0.151635	298.082
0.151636	298.083
0.151637	298.084
0.151638	298.086
0.151638	298.087
0.151638	298.087
0.151639	298.089
0.15164	298.09
0.15164	298.09
0.15164	298.091
0.151641	298.092
0.151641	298.092
0.151641	298.093
0.151642	298.093
0.151642	298.095
0.151643	298.096
0.151643	298.097
0.151645	298.101
0.151654	298.118
0.151654	298.119
0.151656	298.122
0.15187	298.106
0.152287	298.055
0.152295	298.055
0.152297	298.059
0.152302	298.068
0.152303	298.071
0.152305	298.074
0.152307	298.078
0.152307	298.079
0.152307	298.079
0.152309	298.081
0.152309	298.082
0.15231	298.083
0.15231	298.084
0.15231	298.085
0.152312	298.088
0.152312	298.089
0.152313	298.09
0.152313	298.09
0.152313	298.091
0.152314	298.092
0.152314	298.092
0.152315	298.093
0.152315	298.094
0.152316	298.096
0.152316	298.096
0.152318	298.1
0.152319	298.102
0.152321	298.106
0.152321	298.106
0.152321	298.107
0.152323	298.109
0.152326	298.115
0.152446	298.07
0.152933	298.093
0.152972	298.052
0.152974	298.057
0.152974	298.057
0.152977	298.063
0.152979	298.065
0.152979	298.066
0.152981	298.071
0.152982	298.072
0.152982	298.073
0.152983	298.073
0.152983	298.074
0.152983	298.075
0.152983	298.075
0.152984	298.075
0.152986	298.079
0.152986	298.08
0.152987	298.081
0.152987	298.082
0.152987	298.082
0.152988	298.083
0.152988	298.083
0.152988	298.084
0.152988	298.084
0.152989	298.086
0.152989	298.087
0.15299	298.088
0.152991	298.089
0.152991	298.089
0.152991	298.089
0.152992	298.093
0.152993	298.093
0.153077	298.093
0.153522	298.069
0.15365	298.061
0.153651	298.062
0.153655	298.072
0.153656	298.072
0.153657	298.074
0.153657	298.075
0.153657	298.075
0.153658	298.076
0.153658	298.076
0.153659	298.078
0.15366	298.08
0.15366	298.08
0.15366	298.08
0.15366	298.081
0.153661	298.082
0.153661	298.083
0.153662	298.084
0.153662	298.084
0.153663	298.086
0.153664	298.088
0.153665	298.09
0.153665	298.091
0.153666	298.093
0.153667	298.093
0.153667	298.095
0.153671	298.101
0.153671	298.101
0.153673	298.106
0.153675	298.109
0.153677	298.113
0.153678	298.116
0.153705	298.086
0.154109	298.073
0.154326	298.065
0.154329	298.071
0.154329	298.071
0.154329	298.071
0.154331	298.074
0.154331	298.075
0.154331	298.076
0.154332	298.076
0.154332	298.076
0.154332	298.077
0.154333	298.079
0.154335	298.083
0.154336	298.083
0.154336	298.083
0.154336	298.059
0.154337	298.086
0.154337	298.087
0.154337	298.087
0.154338	298.088
0.154339	298.091
0.15434	298.092
0.15434	298.093
0.154341	298.094
0.154343	298.099
0.154345	298.101
0.154345	298.102
0.154345	298.102
0.154346	298.103
0.154347	298.106
0.154347	298.106
0.154352	298.116
0.154353	298.116
0.154704	298.12
0.154988	298.035
0.154998	298.053
0.154998	298.053
0.155002	298.061
0.155004	298.064
0.155004	298.065
0.155004	298.065
0.155007	298.07
0.155008	298.073
0.155008	298.073
0.15501	298.074
0.155011	298.078
0.155011	298.079
0.155012	298.08
0.155012	298.08
0.155014	298.083
0.155015	298.086
0.155015	298.086
0.155015	298.087
0.155016	298.088
0.155017	298.089
0.155017	298.09
0.155018	298.092
0.155019	298.094
0.15502	298.096
0.15502	298.096
0.15502	298.096
0.155021	298.099
0.155022	298.099
0.155025	298.106
0.155026	298.107
0.155029	298.113
0.155258	298.075
0.155667	298.082
0.155673	298.054
0.155673	298.055
0.155678	298.062
0.155681	298.069
0.155681	298.07
0.155683	298.073
0.155683	298.074
0.155685	298.076
0.155685	298.076
0.155685	298.076
0.155685	298.077
0.155686	298.078
0.155686	298.078
0.155686	298.078
0.155687	298.081
0.155688	298.082
0.155688	298.082
0.155688	298.083
0.155689	298.084
0.15569	298.085
0.15569	298.087
0.155691	298.088
0.155695	298.095
0.155696	298.098
0.155696	298.098
0.155697	298.099
0.155697	298.1
0.155699	298.104
0.1557	298.106
0.155701	298.107
0.155705	298.115
0.15587	298.107
0.15628	298.069
0.156354	298.068
0.156355	298.069
0.156355	298.07
0.156355	298.071
0.156358	298.075
0.156358	298.076
0.156358	298.076
0.156358	298.076
0.156359	298.077
0.15636	298.079
0.15636	298.08
0.156362	298.083
0.156362	298.083
0.156363	298.085
0.156363	298.085
0.156364	298.086
0.156364	298.087
0.156364	298.087
0.156365	298.088
0.156365	298.089
0.156365	298.089
0.156365	298.09
0.156366	298.09
0.156367	298.092
0.156367	298.093
0.156368	298.095
0.156368	298.095
0.156368	298.095
0.156369	298.097
0.15637	298.099
0.156374	298.106
0.15647	298.085
0.156885	298.074
0.157029	298.068
0.15703	298.07
0.15703	298.07
0.15703	298.071
0.157031	298.071
0.157031	298.072
0.157033	298.075
0.157033	298.076
0.157034	298.077
0.157035	298.079
0.157035	298.079
0.157035	298.08
0.157037	298.083
0.157038	298.085
0.157039	298.086
0.157039	298.087
0.157039	298.088
0.15704	298.088
0.15704	298.089
0.157041	298.091
0.157041	298.091
0.157042	298.092
0.157042	298.092
0.157044	298.096
0.157044	298.096
0.157044	298.097
0.157045	298.099
0.157046	298.1
0.157046	298.101
0.157047	298.102
0.157051	298.109
0.157098	298.088
0.157483	298.088
0.157697	298.05
0.157699	298.053
0.157701	298.056
0.157702	298.058
0.157704	298.062
0.157704	298.062
0.157704	298.063
0.157705	298.064
0.157706	298.066
0.157707	298.068
0.157707	298.068
0.157708	298.07
0.157708	298.07
0.157709	298.072
0.157712	298.077
0.157712	298.077
0.157713	298.079
0.157713	298.08
0.157713	298.08
0.157713	298.08
0.157714	298.081
0.157715	298.083
0.157715	298.083
0.157717	298.086
0.157718	298.088
0.157718	298.089
0.15772	298.092
0.157721	298.094
0.157721	298.095
0.157721	298.095
0.157732	298.116
0.157742	298.09
0.158057	298.083
0.158379	298.064
0.158381	298.067
0.158382	298.07
0.158384	298.073
0.158384	298.074
0.158384	298.074
0.158385	298.076
0.158386	298.076
0.158386	298.078
0.158387	298.078
0.158387	298.079
0.158388	298.081
0.158389	298.082
0.158389	298.082
0.158389	298.082
0.158389	298.082
0.158389	298.083
0.158389	298.083
0.158391	298.086
0.158391	298.087
0.158391	298.087
0.158392	298.088
0.158393	298.089
0.158393	298.09
0.158393	298.094
0.158394	298.092
0.158394	298.092
0.158398	298.1
0.158398	298.1
0.158399	298.102
0.1584	298.096
0.158412	298.126
0.158648	298.083
0.15902	298.07
0.159049	298.055
0.159049	298.056
0.159051	298.059
0.159053	298.064
0.159054	298.065
0.159054	298.066
0.159055	298.068
0.159056	298.07
0.159056	298.07
0.159057	298.072
0.159058	298.072
0.159059	298.075
0.159059	298.075
0.159062	298.08
0.159062	298.081
0.159063	298.081
0.159063	298.081
0.159063	298.081
0.159063	298.082
0.159063	298.082
0.159063	298.083
0.159064	298.084
0.159064	298.085
0.159065	298.086
0.159067	298.089
0.159067	298.089
0.159068	298.091
0.159072	298.099
0.159073	298.101
0.159073	298.101
0.159075	298.104
0.159237	298.065
0.159638	298.065
0.159729	298.06
0.159731	298.063
0.159732	298.065
0.159733	298.066
0.159733	298.067
0.159733	298.067
0.159733	298.068
0.159734	298.069
0.159735	298.07
0.159736	298.072
0.159736	298.073
0.159736	298.073
0.159737	298.074
0.159737	298.074
0.159737	298.075
0.159738	298.077
0.159739	298.078
0.159739	298.078
0.15974	298.08
0.159741	298.081
0.159741	298.081
0.159743	298.085
0.159744	298.087
0.159744	298.088
0.159745	298.089
0.159745	298.09
0.159745	298.09
0.159747	298.094
0.159748	298.096
0.15975	298.098
0.15975	298.099
0.159859	298.083
0.160247	298.079
0.160402	298.057
0.160403	298.06
0.160404	298.061
0.160404	298.062
0.160406	298.066
0.160407	298.067
0.160408	298.068
0.160409	298.07
0.16041	298.072
0.16041	298.072
0.16041	298.072
0.16041	298.073
0.160411	298.073
0.160412	298.076
0.160412	298.076
0.160414	298.079
0.160414	298.08
0.160414	298.08
0.160414	298.08
0.160414	298.08
0.160414	298.08
0.160415	298.082
0.160416	298.082
0.160417	298.085
0.160418	298.087
0.160418	298.088
0.16042	298.09
0.160421	298.093
0.160422	298.094
0.160423	298.096
0.160425	298.1
0.160479	298.077
0.160856	298.12
0.161071	298.047
0.161077	298.057
0.161078	298.06
0.16108	298.064
0.16108	298.064
0.161082	298.067
0.161082	298.068
0.161082	298.068
0.161083	298.069
0.161083	298.07
0.161085	298.074
0.161085	298.074
0.161086	298.074
0.161087	298.077
0.161087	298.077
0.161089	298.08
0.161089	298.081
0.161089	298.081
0.16109	298.082
0.161093	298.088
0.161093	298.088
0.161093	298.089
0.161094	298.09
0.161094	298.09
0.161094	298.09
0.161094	298.091
0.161097	298.094
0.161097	298.095
0.161097	298.095
0.161102	298.104
0.161102	298.104
0.161119	298.085
0.161425	298.083
0.161746	298.065
0.161753	298.054
0.161753	298.055
0.161755	298.059
0.161756	298.06
0.161757	298.062
0.161758	298.063
0.161758	298.064
0.161758	298.065
0.161759	298.065
0.16176	298.068
0.161761	298.069
0.161763	298.073
0.161764	298.074
0.161764	298.075
0.161764	298.075
0.161764	298.076
0.161765	298.077
0.161766	298.079
0.161766	298.079
0.161766	298.079
0.161766	298.079
0.161767	298.08
0.161769	298.084
0.161769	298.084
0.161769	298.085
0.16177	298.086
0.161771	298.089
0.161772	298.089
0.161772	298.08
0.161774	298.093
0.161776	298.097
0.162014	298.062
0.162379	298.065
0.162427	298.054
0.162428	298.054
0.162429	298.056
0.16243	298.058
0.162431	298.06
0.162432	298.062
0.162432	298.063
0.162433	298.064
0.162434	298.066
0.162435	298.069
0.162435	298.069
0.162436	298.07
0.162437	298.071
0.162438	298.073
0.162438	298.074
0.162438	298.074
0.162438	298.074
0.162439	298.075
0.162441	298.079
0.162442	298.081
0.162442	298.082
0.162444	298.084
0.162444	298.084
0.162444	298.085
0.162444	298.085
0.162445	298.086
0.162446	298.087
0.162446	298.088
0.162446	298.089
0.162456	298.106
0.162464	298.122
0.162621	298.072
0.163001	298.082
0.163099	298.049
0.163099	298.049
0.163099	298.05
0.163101	298.052
0.163106	298.062
0.163107	298.063
0.163107	298.063
0.163107	298.064
0.163108	298.065
0.163108	298.065
0.163108	298.065
0.163109	298.068
0.16311	298.068
0.163113	298.074
0.163113	298.075
0.163114	298.076
0.163114	298.077
0.163114	298.077
0.163115	298.078
0.163115	298.078
0.163115	298.079
0.163116	298.08
0.163116	298.08
0.16312	298.087
0.163122	298.091
0.163123	298.092
0.163123	298.094
0.163126	298.098
0.163127	298.1
0.163129	298.103
0.163132	298.109
0.163227	298.064
0.163588	298.058
0.163779	298.055
0.163781	298.059
0.163783	298.063
0.163783	298.063
0.163783	298.063
0.163783	298.063
0.163785	298.066
0.163787	298.07
0.163788	298.071
0.163789	298.073
0.163789	298.073
0.163789	298.074
0.163789	298.074
0.163789	298.074
0.16379	298.076
0.16379	298.076
0.163791	298.078
0.163791	298.078
0.163792	298.079
0.163792	298.079
0.163792	298.08
0.163793	298.082
0.163794	298.083
0.163794	298.083
0.163795	298.085
0.163796	298.086
0.163796	298.087
0.163797	298.089
0.163799	298.091
0.1638	298.094
0.163803	298.1
0.163866	298.093
0.164177	298.061
0.164446	298.039
0.164448	298.042
0.164451	298.048
0.164457	298.058
0.164457	298.058
0.164459	298.062
0.164461	298.065
0.164462	298.068
0.164462	298.068
0.164463	298.069
0.164463	298.069
0.164464	298.071
0.164464	298.071
0.164465	298.073
0.164465	298.074
0.164466	298.075
0.164467	298.076
0.164467	298.077
0.164467	298.077
0.164467	298.077
0.164468	298.077
0.164468	298.078
0.164469	298.08
0.164469	298.08
0.164471	298.084
0.164474	298.089
0.164474	298.09
0.164476	298.093
0.164476	298.093
0.164481	298.102
0.164482	298.103
0.164492	298.073
0.164784	298.075
0.16512	298.085
0.165123	298.044
0.165124	298.045
0.165126	298.048
0.165131	298.057
0.165131	298.057
0.165131	298.058
0.165132	298.059
0.165132	298.059
0.165133	298.061
0.165133	298.061
0.165139	298.072
0.165139	298.073
0.16514	298.073
0.16514	298.074
0.16514	298.074
0.165141	298.076
0.165141	298.076
0.165142	298.077
0.165143	298.08
0.165144	298.081
0.165147	298.086
0.165147	298.087
0.165148	298.089
0.165149	298.091
0.16515	298.093
0.165151	298.093
0.165152	298.096
0.165152	298.096
0.165153	298.091
0.165156	298.102
0.165163	298.116
0.165392	298.083
0.165734	298.065
0.165804	298.054
0.165805	298.057
0.165806	298.057
0.165806	298.059
0.165808	298.061
0.165808	298.062
0.165809	298.064
0.16581	298.065
0.165811	298.066
0.165811	298.067
0.165811	298.067
0.165813	298.07
0.165813	298.071
0.165813	298.071
0.165814	298.072
0.165814	298.072
0.165814	298.073
0.165815	298.073
0.165815	298.074
0.165815	298.075
0.165817	298.078
0.165817	298.078
0.165818	298.08
0.165818	298.08
0.165818	298.08
0.165821	298.085
0.165821	298.086
0.165822	298.086
0.165823	298.088
0.165824	298.09
0.165826	298.094
0.166001	298.093
0.166336	298.049
0.166475	298.043
0.166481	298.054
0.166483	298.056
0.166483	298.056
0.166483	298.056
0.166484	298.058
0.166484	298.059
0.166484	298.059
0.166485	298.061
0.166487	298.064
0.166487	298.064
0.166488	298.066
0.16649	298.07
0.166491	298.072
0.166492	298.073
0.166492	298.073
0.166492	298.073
0.166492	298.074
0.166493	298.074
0.166493	298.075
0.166495	298.077
0.166497	298.082
0.166497	298.082
0.166497	298.082
0.166497	298.082
0.166497	298.082
0.166501	298.089
0.166504	298.094
0.166504	298.094
0.166504	298.095
0.166508	298.101
0.166607	298.081
0.166927	298.042
0.167153	298.048
0.167153	298.049
0.167154	298.05
0.167154	298.051
0.167156	298.055
0.167156	298.055
0.167159	298.059
0.167161	298.063
0.167161	298.064
0.167162	298.065
0.167163	298.066
0.167163	298.067
0.167164	298.068
0.167164	298.067
0.167165	298.069
0.167166	298.072
0.167166	298.072
0.167166	298.072
0.167167	298.073
0.167168	298.076
0.167169	298.077
0.167169	298.078
0.16717	298.079
0.167171	298.081
0.167172	298.082
0.167174	298.087
0.167175	298.088
0.167179	298.095
0.16718	298.096
0.167182	298.1
0.167182	298.1
0.16722	298.067
0.167543	298.086
0.167827	298.047
0.167828	298.049
0.16783	298.065
0.16783	298.053
0.167832	298.057
0.167835	298.061
0.167835	298.062
0.167837	298.065
0.167837	298.066
0.167838	298.068
0.16784	298.07
0.16784	298.071
0.167842	298.074
0.167842	298.074
0.167842	298.074
0.167842	298.075
0.167843	298.076
0.167845	298.079
0.167845	298.079
0.167845	298.08
0.167847	298.082
0.167847	298.083
0.167848	298.084
0.167848	298.085
0.167848	298.086
0.167851	298.091
0.167851	298.091
0.167853	298.094
0.167854	298.095
0.167859	298.105
0.16786	298.071
0.167862	298.11
0.168126	298.047
0.16848	298.082
0.168506	298.05
0.168507	298.051
0.168508	298.052
0.16851	298.056
0.168511	298.058
0.168511	298.059
0.168512	298.06
0.168512	298.061
0.168513	298.063
0.168514	298.064
0.168514	298.064
0.168515	298.065
0.168515	298.066
0.168517	298.069
0.168517	298.07
0.168518	298.071
0.168519	298.073
0.168519	298.073
0.168519	298.073
0.16852	298.074
0.16852	298.074
0.16852	298.074
0.16852	298.075
0.168521	298.076
0.168524	298.081
0.168525	298.083
0.168526	298.083
0.168527	298.087
0.168527	298.087
0.168532	298.095
0.168535	298.1
0.168744	298.071
0.169108	298.1
0.169171	298.033
0.169175	298.04
0.169177	298.043
0.16918	298.05
0.169182	298.053
0.169184	298.056
0.169186	298.059
0.169186	298.06
0.169186	298.06
0.169187	298.06
0.169187	298.061
0.169188	298.063
0.169188	298.064
0.169189	298.064
0.169191	298.068
0.169192	298.07
0.169193	298.071
0.169193	298.072
0.169194	298.073
0.169195	298.075
0.169196	298.077
0.169198	298.081
0.169198	298.081
0.169199	298.082
0.169202	298.088
0.169203	298.09
0.169205	298.093
0.169205	298.093
0.169205	298.093
0.169206	298.095
0.169212	298.106
0.169329	298.041
0.169691	298.063
0.169851	298.043
0.169854	298.047
0.169855	298.05
0.169857	298.052
0.169859	298.055
0.169861	298.059
0.169861	298.06
0.169861	298.06
0.169863	298.062
0.169863	298.062
0.169864	298.066
0.169864	298.066
0.169865	298.067
0.169866	298.068
0.169866	298.068
0.169866	298.069
0.169866	298.069
0.169868	298.072
0.169868	298.072
0.169869	298.074
0.169871	298.077
0.169872	298.079
0.169872	298.079
0.169873	298.08
0.169873	298.081
0.169874	298.082
0.169874	298.083
0.169876	298.085
0.169877	298.089
0.169884	298.1
0.169889	298.11
0.16995	298.057
0.170273	298.046
0.170529	298.042
0.170529	298.043
0.170531	298.047
0.170531	298.047
0.170535	298.053
0.170537	298.056
0.170537	298.057
0.170537	298.057
0.170539	298.059
0.17054	298.062
0.170542	298.065
0.170542	298.066
0.170542	298.066
0.170542	298.066
0.170543	298.068
0.170544	298.069
0.170544	298.07
0.170545	298.07
0.170546	298.072
0.170548	298.076
0.170548	298.076
0.170549	298.078
0.170549	298.078
0.170549	298.078
0.170549	298.078
0.17055	298.079
0.170551	298.082
0.170553	298.084
0.170554	298.086
0.170556	298.09
0.170563	298.102
0.170581	298.064
0.170878	298.056
0.171198	298.032
0.171204	298.078
0.171207	298.048
0.17121	298.052
0.171212	298.042
0.171212	298.056
0.171212	298.057
0.171212	298.057
0.171213	298.058
0.171213	298.059
0.171215	298.061
0.171215	298.062
0.171215	298.062
0.171216	298.064
0.171216	298.064
0.171218	298.067
0.17122	298.07
0.17122	298.071
0.171222	298.075
0.171225	298.079
0.171225	298.079
0.171227	298.082
0.171227	298.082
0.171228	298.085
0.171229	298.086
0.171229	298.087
0.17123	298.088
0.171231	298.089
0.171231	298.09
0.171232	298.091
0.171233	298.094
0.171237	298.1
0.171497	298.083
0.171829	298.072
0.171876	298.039
0.171881	298.047
0.171882	298.049
0.171883	298.051
0.171884	298.052
0.171891	298.064
0.171892	298.066
0.171892	298.067
0.171893	298.068
0.171893	298.068
0.171895	298.071
0.171895	298.071
0.171895	298.072
0.171896	298.073
0.171896	298.073
0.171897	298.075
0.171898	298.076
0.171898	298.077
0.171898	298.077
0.171899	298.078
0.1719	298.079
0.1719	298.081
0.171901	298.082
0.171901	298.082
0.171902	298.083
0.171902	298.083
0.171905	298.088
0.171906	298.091
0.171906	298.091
0.171908	298.094
0.171909	298.096
0.172097	298.087
0.17244	298.069
0.172547	298.03
0.172555	298.044
0.17256	298.054
0.172562	298.057
0.172565	298.061
0.172565	298.062
0.172565	298.062
0.172566	298.063
0.172566	298.063
0.172567	298.065
0.172567	298.065
0.172568	298.067
0.172568	298.067
0.172569	298.068
0.172569	298.068
0.172569	298.069
0.172572	298.073
0.172572	298.073
0.172572	298.075
0.172572	298.075
0.172573	298.076
0.172574	298.078
0.172576	298.08
0.172577	298.082
0.172577	298.083
0.17258	298.088
0.172581	298.089
0.172581	298.089
0.172583	298.093
0.172583	298.093
0.172584	298.095
0.172683	298.056
0.173035	298.062
0.173224	298.03
0.173225	298.032
0.173226	298.033
0.173229	298.039
0.173234	298.047
0.173236	298.051
0.173237	298.052
0.17324	298.058
0.173243	298.062
0.173244	298.064
0.173244	298.064
0.173244	298.065
0.173245	298.066
0.173245	298.066
0.173245	298.067
0.173245	298.067
0.173246	298.068
0.173247	298.069
0.173248	298.072
0.173249	298.073
0.173249	298.073
0.173251	298.076
0.173251	298.076
0.173252	298.078
0.173254	298.082
0.173255	298.083
0.173255	298.083
0.173255	298.084
0.173256	298.085
0.173258	298.089
0.17327	298.109
0.173312	298.075
0.173624	298.061
0.173907	298.045
0.173911	298.051
0.173912	298.053
0.173913	298.054
0.173914	298.056
0.173914	298.057
0.173914	298.057
0.173915	298.058
0.173917	298.061
0.173917	298.061
0.173917	298.062
0.173917	298.07
0.173918	298.063
0.173919	298.064
0.173919	298.065
0.173919	298.065
0.173919	298.065
0.17392	298.067
0.17392	298.067
0.173924	298.073
0.173924	298.074
0.173924	298.074
0.173927	298.078
0.173927	298.079
0.173928	298.081
0.173929	298.081
0.173929	298.081
0.173929	298.049
0.17393	298.083
0.173935	298.092
0.173935	298.093
0.173939	298.099
0.174224	298.061
0.174566	298.081
0.174578	298.038
0.17458	298.041
0.174582	298.045
0.174583	298.046
0.174584	298.048
0.174585	298.049
0.174588	298.054
0.174588	298.054
0.17459	298.058
0.174591	298.06
0.174591	298.061
0.174592	298.061
0.174593	298.063
0.174593	298.064
0.174594	298.065
0.174595	298.066
0.174595	298.067
0.174595	298.067
0.174596	298.069
0.174597	298.071
0.174597	298.071
0.174599	298.073
0.174599	298.074
0.174599	298.074
0.1746	298.075
0.174601	298.078
0.174602	298.079
0.174603	298.08
0.174604	298.082
0.174604	298.082
0.174616	298.103
0.174832	298.078
0.175178	298.065
0.175254	298.036
0.175257	298.041
0.17526	298.046
0.175262	298.049
0.175266	298.056
0.175266	298.056
0.175267	298.057
0.175267	298.058
0.175267	298.058
0.175268	298.059
0.175268	298.059
0.175268	298.059
0.175268	298.059
0.175268	298.059
0.175268	298.06
0.17527	298.062
0.17527	298.063
0.175271	298.064
0.175271	298.064
0.175271	298.064
0.175271	298.065
0.175272	298.066
0.175272	298.066
0.175272	298.066
0.175273	298.068
0.175276	298.073
0.175279	298.077
0.17528	298.079
0.175285	298.088
0.175287	298.091
0.175289	298.095
0.175403	298.036
0.175792	298.081
0.175932	298.041
0.175937	298.049
0.17594	298.055
0.175941	298.057
0.175943	298.06
0.175944	298.061
0.175944	298.061
0.175944	298.062
0.175944	298.062
0.175945	298.064
0.175946	298.065
0.175946	298.065
0.175947	298.066
0.175948	298.068
0.175948	298.068
0.175949	298.069
0.175949	298.069
0.175949	298.07
0.175951	298.073
0.175951	298.073
0.175952	298.075
0.175953	298.076
0.175953	298.077
0.175953	298.077
0.175955	298.08
0.175957	298.083
0.175959	298.087
0.17596	298.089
0.175962	298.091
0.175962	298.092
0.175963	298.093
0.176021	298.051
0.176373	298.068
0.176604	298.036
0.176611	298.047
0.176612	298.051
0.176613	298.051
0.176613	298.052
0.176617	298.057
0.176617	298.058
0.176617	298.059
0.176619	298.062
0.17662	298.064
0.176621	298.065
0.176622	298.067
0.176622	298.067
0.176623	298.069
0.176624	298.07
0.176625	298.072
0.176627	298.075
0.176628	298.076
0.176628	298.076
0.176628	298.077
0.176629	298.078
0.17663	298.079
0.17663	298.08
0.17663	298.08
0.176631	298.081
0.176633	298.086
0.176636	298.089
0.176636	298.09
0.176636	298.091
0.176638	298.094
0.176639	298.095
0.17665	298.061
0.176962	298.061
0.177282	298.037
0.177285	298.044
0.177286	298.045
0.177287	298.045
0.177288	298.043
0.17729	298.051
0.177291	298.053
0.177293	298.056
0.177294	298.058
0.177294	298.058
0.177295	298.059
0.177296	298.061
0.177296	298.062
0.177297	298.062
0.177297	298.063
0.177299	298.066
0.177299	298.095
0.177299	298.067
0.1773	298.068
0.1773	298.069
0.177301	298.069
0.177301	298.069
0.177301	298.07
0.177301	298.07
0.177302	298.072
0.177303	298.072
0.177305	298.076
0.177309	298.083
0.177309	298.084
0.177311	298.086
0.177312	298.087
0.177314	298.091
0.177568	298.079
0.177918	298.074
0.177955	298.035
0.17796	298.042
0.17796	298.042
0.177963	298.049
0.177964	298.049
0.177964	298.05
0.177965	298.051
0.177967	298.054
0.177968	298.056
0.177968	298.056
0.177969	298.058
0.17797	298.06
0.177971	298.061
0.177974	298.066
0.177976	298.07
0.177976	298.07
0.177976	298.07
0.177976	298.07
0.177977	298.071
0.177977	298.071
0.177977	298.071
0.177978	298.073
0.177979	298.075
0.17798	298.076
0.17798	298.076
0.177981	298.078
0.177981	298.079
0.177982	298.079
0.177982	298.08
0.177987	298.088
0.177993	298.098
0.17816	298.084
0.178531	298.078
0.178632	298.039
0.178637	298.048
0.17864	298.051
0.178644	298.058
0.178644	298.059
0.178644	298.059
0.178645	298.06
0.178645	298.06
0.178646	298.061
0.178646	298.061
0.178646	298.062
0.178647	298.063
0.178647	298.064
0.178648	298.065
0.178648	298.066
0.178649	298.067
0.17865	298.069
0.178651	298.07
0.178651	298.07
0.178652	298.071
0.178652	298.073
0.178653	298.074
0.178653	298.074
0.178655	298.077
0.178656	298.078
0.178656	298.079
0.178657	298.081
0.178658	298.083
0.178658	298.083
0.178659	298.084
0.17866	298.085
0.178751	298.067
0.179116	298.063
0.179304	298.034
0.17931	298.044
0.179315	298.052
0.179318	298.056
0.179318	298.058
0.179319	298.058
0.179319	298.059
0.179321	298.061
0.179321	298.062
0.179322	298.064
0.179322	298.064
0.179322	298.064
0.179324	298.066
0.179325	298.068
0.179326	298.07
0.179328	298.073
0.179328	298.073
0.179329	298.074
0.179329	298.075
0.17933	298.077
0.17933	298.077
0.17933	298.077
0.179331	298.078
0.179331	298.078
0.179333	298.081
0.179333	298.082
0.179333	298.082
0.179336	298.086
0.179339	298.092
0.179342	298.097
0.179342	298.097
0.179373	298.076
0.179704	298.071
0.179972	298.024
0.179989	298.048
0.179989	298.048
0.179991	298.05
0.179991	298.05
0.179994	298.055
0.179994	298.056
0.179995	298.058
0.179996	298.059
0.179997	298.06
0.179997	298.061
0.179998	298.063
0.179999	298.063
0.179999	298.064
0.179999	298.064
0.179999	298.064
0.179999	298.064
0.179999	298.065
0.18	298.066
0.180001	298.067
0.180004	298.072
0.180005	298.065
0.180007	298.077
0.180007	298.078
0.180007	298.078
0.180008	298.078
0.180009	298.08
0.180009	298.08
0.18001	298.082
0.180011	298.084
0.180017	298.094
0.180024	298.105
0.180296	298.074
0.180639	298.064
0.180663	298.047
0.180668	298.055
0.18067	298.058
0.18067	298.059
0.18067	298.059
0.180671	298.06
0.180672	298.062
0.180672	298.062
0.180673	298.063
0.180673	298.063
0.180673	298.063
0.180673	298.064
0.180676	298.068
0.180676	298.068
0.180677	298.069
0.180678	298.072
0.180679	298.073
0.180679	298.074
0.18068	298.074
0.18068	298.075
0.180682	298.077
0.180682	298.078
0.180683	298.08
0.180684	298.081
0.180686	298.085
0.180687	298.086
0.180687	298.086
0.180687	298.086
0.180689	298.089
0.180689	298.09
0.180693	298.096
0.180871	298.064
0.18127	298.084
0.181336	298.045
0.181339	298.049
0.181343	298.056
0.181345	298.059
0.181346	298.06
0.181347	298.062
0.181347	298.063
0.18135	298.068
0.181351	298.07
0.181351	298.07
0.181352	298.07
0.181352	298.07
0.181352	298.07
0.181352	298.071
0.181352	298.071
0.181353	298.072
0.181354	298.074
0.181355	298.076
0.181356	298.077
0.181357	298.078
0.181359	298.082
0.181359	298.082
0.18136	298.083
0.18136	298.084
0.18136	298.084
0.181361	298.085
0.181363	298.088
0.181363	298.089
0.181365	298.092
0.181367	298.095
0.181374	298.107
0.181447	298.034
0.181866	298.076
0.18201	298.041
0.182011	298.042
0.182012	298.043
0.182016	298.051
0.182018	298.053
0.182022	298.06
0.182025	298.064
0.182025	298.064
0.182026	298.066
0.182026	298.066
0.182027	298.067
0.182027	298.069
0.182029	298.071
0.182029	298.071
0.182029	298.072
0.18203	298.072
0.18203	298.073
0.182032	298.076
0.182032	298.076
0.182033	298.077
0.182034	298.08
0.182034	298.08
0.182035	298.08
0.182035	298.081
0.182035	298.082
0.182036	298.082
0.182038	298.086
0.182039	298.088
0.18204	298.09
0.18204	298.09
0.182047	298.1
0.182061	298.037
0.182476	298.121
0.182694	298.055
0.182696	298.059
0.182697	298.061
0.182699	298.064
0.1827	298.065
0.1827	298.065
0.1827	298.066
0.1827	298.066
0.182701	298.067
0.182701	298.067
0.182701	298.067
0.182701	298.067
0.182701	298.068
0.182701	298.068
0.182702	298.069
0.182702	298.07
0.182703	298.071
0.182703	298.071
0.182704	298.072
0.182704	298.072
0.182704	298.073
0.182706	298.075
0.182706	298.076
0.182707	298.077
0.182708	298.08
0.182709	298.08
0.182709	298.081
0.18271	298.082
0.182711	298.084
0.182714	298.088
0.182717	298.082
0.182724	298.105
0.182996	298.026
0.183365	298.049
0.183367	298.052
0.183369	298.08
0.183372	298.06
0.183373	298.062
0.183373	298.062
0.183374	298.063
0.183375	298.066
0.183376	298.066
0.183376	298.067
0.183377	298.069
0.183378	298.071
0.183379	298.071
0.183379	298.072
0.183381	298.074
0.183381	298.075
0.183381	298.075
0.183381	298.075
0.183381	298.076
0.183382	298.076
0.183382	298.076
0.183382	298.076
0.183382	298.077
0.183383	298.078
0.183385	298.082
0.183386	298.083
0.183389	298.088
0.18339	298.09
0.183392	298.092
0.183393	298.095
0.183395	298.098
0.183398	298.102
0.183605	298.086
0.184001	298.08
0.184029	298.026
0.184035	298.035
0.184042	298.047
0.184043	298.049
0.184046	298.053
0.184047	298.056
0.184048	298.056
0.18405	298.06
0.184051	298.061
0.184053	298.064
0.184053	298.065
0.184053	298.065
0.184053	298.065
0.184055	298.068
0.184056	298.07
0.184056	298.07
0.184057	298.07
0.184057	298.071
0.184057	298.071
0.184057	298.072
0.184059	298.075
0.184059	298.075
0.18406	298.075
0.18406	298.076
0.18406	298.076
0.18406	298.076
0.184062	298.079
0.184066	298.085
0.184066	298.085
0.184072	298.095
0.184075	298.101
0.184195	298.087
0.184598	298.062
0.184712	298.033
0.18472	298.047
0.184721	298.049
0.184724	298.052
0.184724	298.052
0.184724	298.053
0.184725	298.054
0.184725	298.055
0.184726	298.056
0.184726	298.056
0.184728	298.06
0.184729	298.061
0.184729	298.061
0.184729	298.061
0.184729	298.062
0.18473	298.063
0.184731	298.064
0.184733	298.067
0.184734	298.069
0.184735	298.071
0.184735	298.071
0.184736	298.072
0.184736	298.073
0.18474	298.078
0.184741	298.081
0.184742	298.083
0.184746	298.089
0.184747	298.089
0.184748	298.091
0.184749	298.094
0.184752	298.098
0.184782	298.052
0.185189	298.066
0.185387	298.027
0.185388	298.028
0.185391	298.034
0.1854	298.047
0.185401	298.05
0.185403	298.052
0.185403	298.053
0.185404	298.055
0.185406	298.058
0.185406	298.058
0.185407	298.059
0.185407	298.06
0.185407	298.06
0.185409	298.062
0.18541	298.063
0.18541	298.063
0.185411	298.066
0.185411	298.066
0.185411	298.066
0.185413	298.069
0.185415	298.072
0.185416	298.074
0.185416	298.074
0.185418	298.078
0.185419	298.079
0.185419	298.079
0.18542	298.081
0.185421	298.081
0.185422	298.083
0.185422	298.083
0.185422	298.071
0.185428	298.093
0.185765	298.07
0.186066	298.028
0.186067	298.027
0.186071	298.034
0.186072	298.036
0.186072	298.036
0.186073	298.037
0.186076	298.042
0.186077	298.043
0.186077	298.044
0.186079	298.047
0.186082	298.052
0.186082	298.052
0.186085	298.056
0.186085	298.057
0.186086	298.057
0.186086	298.057
0.186087	298.059
0.186087	298.059
0.186087	298.059
0.186087	298.06
0.186087	298.06
0.186088	298.061
0.186088	298.061
0.186089	298.062
0.186093	298.069
0.186095	298.072
0.186096	298.073
0.186096	298.074
0.186099	298.079
0.186099	298.079
0.186104	298.086
0.186104	298.087
0.186315	298.05
0.186714	298.033
0.18673	298.002
0.18675	298.033
0.18675	298.034
0.186751	298.035
0.186752	298.036
0.186753	298.037
0.186753	298.038
0.186754	298.039
0.186754	298.039
0.186754	298.04
0.186755	298.041
0.186756	298.043
0.186757	298.044
0.186759	298.048
0.18676	298.049
0.18676	298.049
0.186761	298.05
0.186762	298.052
0.186762	298.052
0.186763	298.053
0.186763	298.054
0.186764	298.055
0.186764	298.056
0.186766	298.059
0.186768	298.061
0.186772	298.068
0.186772	298.069
0.186772	298.069
0.186775	298.073
0.186777	298.076
0.186784	298.087
0.186904	298.062
0.18735	298.071
0.187415	298.022
0.187418	298.027
0.187422	298.033
0.187423	298.034
0.187423	298.035
0.187424	298.036
0.187425	298.039
0.187426	298.039
0.187426	298.04
0.187429	298.044
0.18743	298.045
0.187432	298.049
0.187433	298.05
0.187433	298.051
0.187434	298.052
0.187434	298.052
0.187434	298.053
0.187436	298.055
0.187437	298.057
0.187437	298.057
0.187438	298.058
0.187439	298.06
0.18744	298.062
0.18744	298.062
0.187442	298.065
0.187442	298.065
0.187444	298.069
0.187445	298.069
0.187446	298.071
0.187448	298.075
0.187452	298.082
0.187503	298.066
0.187904	298.022
0.188087	298.038
0.188091	298.043
0.188091	298.044
0.188097	298.053
0.1881	298.057
0.1881	298.058
0.188101	298.06
0.188103	298.062
0.188103	298.062
0.188103	298.063
0.188103	298.063
0.188104	298.064
0.188105	298.066
0.188106	298.067
0.188106	298.067
0.188106	298.068
0.188106	298.068
0.188107	298.059
0.188112	298.077
0.188113	298.078
0.188113	298.079
0.188115	298.081
0.188115	298.082
0.188116	298.083
0.188117	298.085
0.188119	298.089
0.188121	298.091
0.188123	298.094
0.188123	298.095
0.188124	298.096
0.188125	298.098
0.188137	298.117
0.188493	298.071
0.188765	298.069
0.188776	298.086
0.188778	298.089
0.18878	298.092
0.188781	298.093
0.188783	298.097
0.188785	298.1
0.188785	298.101
0.188786	298.101
0.188787	298.103
0.188788	298.105
0.188788	298.105
0.188788	298.105
0.188788	298.106
0.188788	298.106
0.18879	298.108
0.18879	298.109
0.188792	298.111
0.188793	298.112
0.188793	298.113
0.188793	298.113
0.188793	298.114
0.188794	298.115
0.188794	298.115
0.188795	298.116
0.188795	298.116
0.188795	298.117
0.188796	298.117
0.188797	298.119
0.188798	298.121
0.1888	298.123
0.188802	298.126
0.189029	298.098
0.189434	298.11
0.189442	298.099
0.189442	298.1
0.189443	298.101
0.189447	298.107
0.189449	298.11
0.18945	298.111
0.189451	298.113
0.189452	298.115
0.189454	298.118
0.189455	298.12
0.189457	298.123
0.189459	298.126
0.189461	298.129
0.189461	298.13
0.189462	298.13
0.189462	298.131
0.189464	298.133
0.189464	298.134
0.189465	298.134
0.189465	298.135
0.189466	298.138
0.189466	298.137
0.189467	298.138
0.189467	298.138
0.189469	298.142
0.189469	298.142
0.189471	298.145
0.189472	298.146
0.189476	298.153
0.189476	298.153
0.189482	298.162
0.189593	298.119
0.190078	298.165
0.190125	298.13
0.190132	298.141
0.190132	298.142
0.190133	298.142
0.190133	298.143
0.190133	298.143
0.190133	298.143
0.190135	298.147
0.190137	298.148
0.190137	298.149
0.190137	298.15
0.190137	298.15
0.190137	298.15
0.190137	298.15
0.190138	298.151
0.190139	298.152
0.190139	298.153
0.19014	298.154
0.19014	298.155
0.190142	298.156
0.190145	298.161
0.190145	298.162
0.190146	298.163
0.190146	298.163
0.190146	298.164
0.190147	298.166
0.190149	298.168
0.19015	298.169
0.19015	298.169
0.190152	298.173
0.190161	298.188
0.190195	298.148
0.190652	298.15
0.1908	298.146
0.190801	298.147
0.190801	298.144
0.190803	298.149
0.190805	298.154
0.190807	298.156
0.190807	298.156
0.190808	298.157
0.190809	298.16
0.19081	298.16
0.19081	298.162
0.19081	298.162
0.190811	298.162
0.190812	298.164
0.190813	298.166
0.190814	298.167
0.190815	298.168
0.190815	298.169
0.190817	298.172
0.190817	298.172
0.190817	298.172
0.190817	298.172
0.190819	298.174
0.190823	298.181
0.190826	298.185
0.190826	298.186
0.190826	298.187
0.190827	298.187
0.190827	298.187
0.190829	298.191
0.190832	298.196
0.190837	298.203
0.191226	298.169
0.191471	298.157
0.191474	298.161
0.191482	298.173
0.191482	298.174
0.191483	298.175
0.191484	298.177
0.191487	298.182
0.191488	298.183
0.191489	298.184
0.191489	298.184
0.19149	298.187
0.191491	298.187
0.191493	298.191
0.191493	298.191
0.191494	298.192
0.191494	298.193
0.191495	298.194
0.191495	298.194
0.191496	298.195
0.191496	298.195
0.191496	298.195
0.191498	298.198
0.191498	298.199
0.191499	298.2
0.1915	298.201
0.191501	298.203
0.191501	298.203
0.191502	298.204
0.191504	298.208
0.191515	298.225
0.191515	298.226
0.191518	298.23
0.191737	298.168
0.192142	298.166
0.192153	298.183
0.192155	298.185
0.192158	298.191
0.192159	298.192
0.192159	298.193
0.19216	298.195
0.19216	298.195
0.192161	298.196
0.192164	298.2
0.192164	298.2
0.192165	298.201
0.192165	298.201
0.192165	298.202
0.192166	298.202
0.192166	298.204
0.192166	298.204
0.192167	298.205
0.192168	298.207
0.192168	298.207
0.19217	298.211
0.19217	298.21
0.19217	298.21
0.192171	298.21
0.192171	298.212
0.192172	298.212
0.192174	298.216
0.192175	298.218
0.192175	298.218
0.192179	298.224
0.192181	298.226
0.192184	298.231
0.192309	298.21
0.192797	298.206
0.192817	298.176
0.192822	298.184
0.192825	298.188
0.192827	298.191
0.192829	298.195
0.192832	298.2
0.192834	298.202
0.192836	298.206
0.192837	298.207
0.192838	298.208
0.192838	298.209
0.192841	298.213
0.192841	298.213
0.192842	298.214
0.192842	298.215
0.192843	298.216
0.192844	298.219
0.192845	298.219
0.192845	298.219
0.192845	298.219
0.192845	298.22
0.192846	298.221
0.192846	298.222
0.192846	298.221
0.192848	298.224
0.192848	298.224
0.192849	298.225
0.19285	298.228
0.192854	298.234
0.192855	298.235
0.192863	298.248
0.192896	298.215
0.193391	298.201
0.193501	298.195
0.193504	298.199
0.193505	298.201
0.193506	298.203
0.193509	298.206
0.193509	298.207
0.193511	298.21
0.193511	298.21
0.193512	298.211
0.193513	298.213
0.193513	298.214
0.193514	298.215
0.193514	298.215
0.193516	298.217
0.193516	298.218
0.193518	298.221
0.193519	298.222
0.193519	298.222
0.193519	298.222
0.193519	298.222
0.193519	298.223
0.19352	298.224
0.193521	298.226
0.193523	298.229
0.193524	298.229
0.193527	298.234
0.193527	298.234
0.193527	298.234
0.193527	298.236
0.193532	298.242
0.193534	298.246
0.193546	298.264
0.193962	298.209
0.194175	298.197
0.194177	298.199
0.194179	298.203
0.194182	298.207
0.194183	298.209
0.194185	298.211
0.194189	298.217
0.19419	298.219
0.19419	298.22
0.19419	298.22
0.19419	298.22
0.194191	298.22
0.194191	298.221
0.194192	298.223
0.194193	298.224
0.194193	298.225
0.194193	298.225
0.194194	298.226
0.194195	298.227
0.194195	298.228
0.194195	298.228
0.194197	298.23
0.194202	298.238
0.194203	298.24
0.194204	298.241
0.194204	298.241
0.194204	298.242
0.194205	298.243
0.194207	298.246
0.194208	298.246
0.194212	298.253
0.194213	298.255
0.194465	298.199
0.194851	298.203
0.194852	298.204
0.194857	298.213
0.194857	298.212
0.194859	298.214
0.194859	298.215
0.19486	298.217
0.194861	298.218
0.194865	298.225
0.194865	298.225
0.194866	298.226
0.194866	298.226
0.194867	298.227
0.194868	298.228
0.194868	298.229
0.19487	298.231
0.19487	298.232
0.194872	298.236
0.194873	298.237
0.194873	298.237
0.194874	298.238
0.194874	298.238
0.194874	298.238
0.194881	298.248
0.194882	298.251
0.194883	298.252
0.194884	298.253
0.194884	298.254
0.194885	298.256
0.194888	298.259
0.194889	298.261
0.194889	298.261
0.195021	298.249
0.195513	298.222
0.195527	298.218
0.195535	298.229
0.195536	298.232
0.195537	298.232
0.195538	298.233
0.19554	298.236
0.19554	298.237
0.19554	298.237
0.19554	298.237
0.195541	298.239
0.195542	298.24
0.195543	298.242
0.195544	298.242
0.195544	298.243
0.195545	298.244
0.195545	298.245
0.195547	298.247
0.195548	298.248
0.195549	298.25
0.19555	298.252
0.19555	298.253
0.195552	298.255
0.195552	298.256
0.195554	298.258
0.195554	298.259
0.195557	298.263
0.195559	298.265
0.19556	298.267
0.195561	298.269
0.195561	298.269
0.195567	298.279
0.195588	298.244
0.196136	298.277
0.196193	298.232
0.196202	298.245
0.196206	298.252
0.196207	298.253
0.196208	298.255
0.196208	298.255
0.196209	298.255
0.196211	298.259
0.196213	298.262
0.196213	298.263
0.196214	298.264
0.196214	298.264
0.196216	298.268
0.196219	298.271
0.19622	298.272
0.19622	298.272
0.196221	298.274
0.196226	298.282
0.196226	298.282
0.196226	298.282
0.196227	298.284
0.196229	298.286
0.19623	298.287
0.19623	298.288
0.19623	298.288
0.19623	298.288
0.196231	298.289
0.196233	298.292
0.196233	298.293
0.196235	298.295
0.196238	298.3
0.19625	298.318
0.196693	298.313
0.196874	298.276
0.196881	298.287
0.196882	298.288
0.196882	298.289
0.196884	298.29
0.196885	298.293
0.196889	298.299
0.196889	298.299
0.196892	298.303
0.196892	298.304
0.196895	298.309
0.196897	298.311
0.196899	298.314
0.196899	298.314
0.1969	298.316
0.196901	298.317
0.196901	298.318
0.196902	298.318
0.196903	298.32
0.196903	298.32
0.196903	298.321
0.196903	298.321
0.196904	298.322
0.196905	298.323
0.196906	298.324
0.196907	298.326
0.196909	298.329
0.196909	298.329
0.196911	298.331
0.196913	298.335
0.196913	298.336
0.196922	298.348
0.197235	298.384
0.19756	298.319
0.197561	298.319
0.197561	298.32
0.197562	298.321
0.197562	298.321
0.197563	298.322
0.197564	298.324
0.197564	298.324
0.197566	298.327
0.197569	298.331
0.197569	298.331
0.197569	298.331
0.19757	298.332
0.19757	298.334
0.197572	298.337
0.197573	298.337
0.197573	298.337
0.197574	298.339
0.197575	298.34
0.197577	298.344
0.197577	298.345
0.197578	298.345
0.197579	298.347
0.197579	298.347
0.197579	298.348
0.19758	298.349
0.197581	298.349
0.197581	298.35
0.197585	298.356
0.197586	298.357
0.197592	298.365
0.197593	298.368
0.197698	298.326
0.198229	298.316
0.198234	298.324
0.198237	298.328
0.19824	298.332
0.198241	298.334
0.198241	298.335
0.198242	298.335
0.198244	298.34
0.198247	298.343
0.198247	298.343
0.198247	298.343
0.198247	298.343
0.198247	298.343
0.198248	298.345
0.198248	298.345
0.198252	298.35
0.198253	298.352
0.198254	298.353
0.198254	298.353
0.198254	298.354
0.198256	298.357
0.198257	298.358
0.198258	298.36
0.198259	298.362
0.198259	298.362
0.19826	298.363
0.19826	298.363
0.198263	298.367
0.198263	298.368
0.198266	298.373
0.198268	298.375
0.198273	298.382
0.19828	298.346
0.198851	298.33
0.198901	298.313
0.198906	298.32
0.198907	298.322
0.198907	298.323
0.198908	298.323
0.19891	298.326
0.198911	298.328
0.198911	298.328
0.198912	298.33
0.198913	298.331
0.198915	298.334
0.198915	298.334
0.198918	298.338
0.198918	298.339
0.19892	298.34
0.198921	298.343
0.198922	298.344
0.198922	298.345
0.198922	298.345
0.198926	298.35
0.198926	298.35
0.198927	298.352
0.198928	298.353
0.198928	298.354
0.198929	298.354
0.198929	298.354
0.198929	298.355
0.19893	298.356
0.198931	298.357
0.198932	298.359
0.198933	298.362
0.199286	298.318
0.199491	298.267
0.199498	298.279
0.199508	298.293
0.19951	298.295
0.199512	298.299
0.199513	298.3
0.199515	298.303
0.199515	298.304
0.199517	298.307
0.199517	298.307
0.199518	298.307
0.199518	298.308
0.199519	298.31
0.199521	298.313
0.199523	298.315
0.199523	298.316
0.199524	298.317
0.199524	298.316
0.199525	298.318
0.199525	298.319
0.199528	298.322
0.199533	298.329
0.199534	298.332
0.199535	298.333
0.199535	298.333
0.199541	298.342
0.199861	298.3
0.200005	298.255
0.200014	298.268
0.200015	298.269
0.200016	298.271
0.200019	298.274
0.200019	298.276
0.20002	298.277
0.200022	298.279
0.200023	298.28
0.200023	298.282
0.200024	298.283
0.200025	298.284
0.200027	298.287
0.20003	298.292
0.20003	298.292
0.200032	298.294
0.200033	298.297
0.200037	298.303
0.200038	298.304
0.200042	298.309
0.200045	298.314
0.200106	298.269
0.200428	298.233
0.200429	298.235
0.200433	298.24
0.200433	298.24
0.200433	298.241
0.200435	298.243
0.200438	298.247
0.200439	298.248
0.200441	298.251
0.200444	298.257
0.200448	298.262
0.200448	298.262
0.200448	298.263
0.200449	298.264
0.20045	298.265
0.200451	298.267
0.200453	298.27
0.200455	298.273
0.200612	298.242
0.20076	298.188
0.200779	298.217
0.20078	298.218
0.20078	298.218
0.20078	298.218
0.200782	298.22
0.200788	298.229
0.200793	298.237
0.200793	298.238
0.200798	298.245
0.200799	298.245
0.200801	298.249
0.200801	298.249
0.200815	298.269
0.200817	298.273
0.201057	298.233
0.201059	298.189
0.201067	298.201
0.201068	298.201
0.201069	298.203
0.20107	298.205
0.201071	298.206
0.201077	298.215
0.201077	298.216
0.20108	298.219
0.201082	298.223
0.201087	298.23
0.20109	298.234
0.201285	298.198
0.201311	298.197
0.20132	298.209
0.201323	298.213
0.201327	298.22
0.201328	298.221
0.201328	298.222
0.201332	298.227
0.201339	298.237
0.201339	298.238
0.201341	298.223
0.201496	298.167
0.201499	298.172
0.201507	298.183
0.201516	298.196
0.201516	298.197
0.20152	298.202
0.201524	298.199
0.201531	298.218
0.201539	298.23
0.201676	298.184
0.201678	298.186
0.201683	298.194
0.201684	298.196
0.201686	298.199
0.201703	298.224
0.201706	298.229
0.201766	298.21
0.201822	298.191
0.201823	298.191
0.201839	298.215
0.201841	298.219
0.201852	298.235
0.20186	298.205
0.201945	298.198
0.201948	298.203
0.201952	298.21
0.201953	298.211
0.201971	298.237
0.202027	298.18
0.202044	298.205
0.202045	298.207
0.202048	298.211
0.202099	298.211
0.202133	298.219
0.202139	298.231
0.202147	298.242
0.202187	298.209
0.202201	298.23
0.202211	298.245
0.202251	298.229
0.202273	298.261
0.202291	298.228
0.202298	298.219
0.202306	298.28
0.202332	298.24
0.202343	298.23
0.202367	298.218
0.202379	298.262
0.202417	298.245
0.202444	298.307
0.202471	298.282
0.202476	298.31
0.202503	298.31
0.20253	298.315
0.202533	298.338
0.202557	298.34
0.202579	298.354
0.202587	298.351
0.202629	298.406
0.202651	298.419
0.202675	298.45
0.202701	298.474
0.202707	298.479
0.202732	298.504
0.202744	298.528
0.20275	298.531
0.202796	298.597
0.202799	298.601
0.202831	298.658
0.20286	298.703
0.202866	298.733
0.2029	298.79
0.202906	298.839
0.202926	298.896
0.202937	298.998
0.20296	298.989
0.202982	299.08
)
