(title "Circumferential Averages")
(labels "Radius" "Axial Velocity")

((xy/key/label "")
0.142001	1.44969
0.14203	4.12297
0.142043	6.3965
0.14207	7.92778
0.142088	9.06241
0.142107	9.87103
0.142117	10.4369
0.142161	11.4923
0.142163	11.2827
0.142202	12.1359
0.142205	12.2298
0.142236	12.9191
0.142242	12.9198
0.142273	13.3865
0.142299	13.6904
0.142305	13.6909
0.142346	14.1464
0.142353	14.4616
0.142362	14.4628
0.142363	14.4628
0.142438	15.241
0.142444	15.2415
0.142447	15.2181
0.142456	15.2426
0.142507	15.7102
0.142543	15.992
0.142545	15.9916
0.142548	15.9921
0.142553	15.9928
0.142597	16.3898
0.142659	16.9599
0.142661	16.9604
0.142664	16.9603
0.142665	16.961
0.142667	16.9604
0.142688	17.1383
0.142794	18.1035
0.142796	18.1037
0.142796	18.103
0.142798	18.1033
0.142798	18.1046
0.142805	18.1046
0.142806	18.1055
0.142916	18.8922
0.142964	19.3076
0.142966	19.3085
0.142966	19.3072
0.14297	19.3076
0.142974	19.309
0.142974	19.3086
0.142976	19.3095
0.142984	19.3092
0.143101	20.0277
0.143164	20.4011
0.143165	20.3994
0.143165	20.4001
0.143167	20.3999
0.143168	20.4009
0.143171	20.4019
0.143176	20.4014
0.143176	20.4024
0.14318	20.4025
0.143184	20.4018
0.143372	21.0621
0.143401	21.162
0.143403	21.1615
0.143408	21.162
0.143409	21.1625
0.143411	21.1633
0.143415	21.1631
0.143415	21.1627
0.143416	21.1627
0.143416	21.1639
0.143416	21.1643
0.143417	21.1627
0.143422	21.1655
0.143661	20.9714
0.143691	20.9106
0.143692	20.9114
0.143694	20.9118
0.143696	20.9117
0.143702	20.9125
0.143702	20.9136
0.143703	20.9133
0.143703	20.9132
0.143705	20.9137
0.143705	20.913
0.143708	20.9144
0.14371	20.9136
0.143711	20.9148
0.143718	20.9145
0.143804	21.0063
0.144045	21.1664
0.144046	21.1666
0.144046	21.1666
0.144046	21.167
0.144047	21.1671
0.144048	21.167
0.144049	21.1667
0.144049	21.1674
0.14405	21.1674
0.14405	21.1673
0.144051	21.167
0.144052	21.1679
0.144053	21.1674
0.144053	21.1682
0.144057	21.168
0.144058	21.169
0.144064	21.1693
0.144064	21.1689
0.144297	20.9467
0.144457	20.7859
0.144461	20.7866
0.144464	20.787
0.144465	20.7871
0.144466	20.7873
0.144466	20.7873
0.144466	20.7872
0.144467	20.7875
0.144467	20.7875
0.144467	20.7875
0.144467	20.7874
0.144468	20.7876
0.144469	20.7876
0.144471	20.7878
0.144473	20.7883
0.144473	20.7884
0.144473	20.7883
0.144474	20.7884
0.144479	20.7891
0.144482	20.7893
0.144485	20.7901
0.144588	20.8949
0.144947	21.368
0.144959	21.37
0.144963	21.3708
0.144963	21.3704
0.144965	21.3707
0.144967	21.3717
0.144967	21.3717
0.144968	21.3719
0.144968	21.3713
0.144969	21.3721
0.144969	21.3713
0.14497	21.3714
0.144972	21.3721
0.144972	21.372
0.144973	21.3729
0.144973	21.3723
0.144974	21.3725
0.144974	21.3729
0.144974	21.3725
0.144974	21.3721
0.144974	21.3724
0.144975	21.3729
0.144975	21.3727
0.144979	21.3735
0.144983	21.3741
0.144984	21.3735
0.14514	21.4098
0.145563	21.6659
0.145564	21.6642
0.145567	21.665
0.145567	21.6652
0.145567	21.6667
0.145567	21.6665
0.145568	21.6657
0.145568	21.6657
0.145569	21.6656
0.145569	21.6664
0.14557	21.6663
0.145571	21.6668
0.145571	21.6654
0.145571	21.665
0.145572	21.6654
0.145572	21.6651
0.145572	21.6657
0.145573	21.6671
0.145573	21.6672
0.145574	21.6668
0.145575	21.6666
0.145575	21.6659
0.145575	21.6654
0.145576	21.6655
0.145576	21.6664
0.145576	21.6672
0.145578	21.6675
0.145579	21.667
0.145581	21.6687
0.145582	21.6678
0.145585	21.6672
0.14563	21.6998
0.146206	22.5385
0.146222	22.6254
0.146223	22.6272
0.146226	22.6291
0.146231	22.6287
0.146231	22.6295
0.146232	22.6294
0.146232	22.6279
0.146232	22.6277
0.146234	22.6285
0.146234	22.6294
0.146234	22.6298
0.146235	22.6296
0.146236	22.631
0.146236	22.6299
0.146237	22.6309
0.146237	22.6283
0.146239	22.6282
0.14624	22.628
0.14624	22.629
0.146241	22.6298
0.146241	22.6286
0.146242	22.632
0.146242	22.6312
0.146242	22.63
0.146243	22.6304
0.146243	22.6298
0.146243	22.6316
0.146244	22.632
0.146244	22.6297
0.146244	22.6291
0.146251	22.6304
0.14627	22.6284
0.14678	22.5941
0.146895	22.6241
0.146903	22.6275
0.146904	22.6278
0.146905	22.6299
0.146907	22.6288
0.146907	22.6267
0.146908	22.6294
0.146908	22.6302
0.146908	22.6276
0.146909	22.6278
0.146909	22.6276
0.146909	22.6306
0.14691	22.63
0.14691	22.6284
0.146911	22.6303
0.146912	22.6302
0.146912	22.6266
0.146913	22.6307
0.146914	22.6306
0.146914	22.6274
0.146914	22.6282
0.146915	22.6297
0.146915	22.6292
0.146915	22.6277
0.146917	22.6303
0.146917	22.6276
0.146918	22.6308
0.146919	22.6296
0.14692	22.6307
0.14692	22.6289
0.14692	22.6282
0.146924	22.6295
0.147338	22.4802
0.147575	22.4126
0.147578	22.4133
0.147578	22.4143
0.147578	22.4149
0.14758	22.4119
0.147581	22.4116
0.147582	22.4126
0.147583	22.4125
0.147584	22.4131
0.147584	22.4147
0.147585	22.4133
0.147585	22.4146
0.147585	22.4118
0.147586	22.4158
0.147586	22.415
0.147587	22.416
0.147588	22.4132
0.147588	22.4148
0.147588	22.416
0.147591	22.4161
0.147591	22.4147
0.147592	22.4171
0.147593	22.4176
0.147593	22.4137
0.147593	22.4151
0.147594	22.4135
0.147594	22.415
0.147594	22.4137
0.147595	22.4132
0.147595	22.4156
0.147596	22.4167
0.147596	22.4179
0.147885	22.7026
0.148246	23.0368
0.148248	23.037
0.148248	23.034
0.148248	23.0338
0.148252	23.0349
0.148252	23.0373
0.148253	23.0368
0.148254	23.0362
0.148256	23.0376
0.148256	23.0351
0.148257	23.0377
0.148258	23.0361
0.148258	23.0373
0.148259	23.0354
0.14826	23.0367
0.14826	23.0386
0.14826	23.038
0.148261	23.0374
0.148261	23.0389
0.148262	23.0372
0.148262	23.0374
0.148262	23.0369
0.148263	23.0397
0.148264	23.0365
0.148266	23.0393
0.148266	23.0378
0.148269	23.0375
0.14827	23.0393
0.14827	23.0368
0.148271	23.038
0.148274	23.0373
0.148274	23.0396
0.14845	23.0184
0.14892	22.867
0.148925	22.8652
0.148926	22.8659
0.148927	22.8662
0.148929	22.8675
0.14893	22.8689
0.14893	22.8681
0.148932	22.8674
0.148932	22.8676
0.148932	22.8696
0.148933	22.8681
0.148934	22.8699
0.148935	22.8687
0.148937	22.8672
0.148937	22.8706
0.148938	22.8698
0.148938	22.8682
0.148938	22.8696
0.148938	22.8701
0.148938	22.8695
0.148939	22.871
0.148939	22.8698
0.148939	22.8685
0.14894	22.8684
0.14894	22.8684
0.148941	22.8679
0.148943	22.8685
0.148943	22.871
0.148944	22.8676
0.148945	22.8697
0.148946	22.8715
0.148951	22.8709
0.149038	22.8375
0.149559	22.5873
0.149596	22.5596
0.149597	22.5615
0.149598	22.5612
0.149602	22.5611
0.149605	22.5625
0.149607	22.5621
0.149607	22.5633
0.149608	22.562
0.149609	22.5623
0.149609	22.5643
0.149611	22.5651
0.149611	22.5629
0.149612	22.5645
0.149612	22.5622
0.149614	22.5636
0.149617	22.5653
0.149617	22.5645
0.149617	22.5658
0.149617	22.565
0.149618	22.5633
0.149618	22.5648
0.149619	22.5662
0.149619	22.5654
0.14962	22.5634
0.14962	22.5654
0.149621	22.5634
0.149622	22.5633
0.149623	22.565
0.149625	22.5664
0.149626	22.5651
0.14963	22.5677
0.149661	22.5485
0.150164	22.3486
0.150278	22.3029
0.150278	22.3028
0.150278	22.3017
0.150279	22.3025
0.15028	22.3034
0.15028	22.3033
0.15028	22.3014
0.150281	22.3036
0.150282	22.3025
0.150282	22.3042
0.150282	22.3027
0.150282	22.3022
0.150283	22.303
0.150283	22.3018
0.150283	22.3041
0.150283	22.3033
0.150285	22.3019
0.150285	22.3026
0.150286	22.3019
0.150287	22.3039
0.150288	22.305
0.15029	22.3039
0.150292	22.3039
0.150293	22.306
0.150293	22.3033
0.150293	22.3059
0.150296	22.3041
0.150296	22.3055
0.150296	22.3033
0.150301	22.304
0.150313	22.3213
0.150314	22.3066
0.150731	22.6456
0.150951	22.819
0.150952	22.8176
0.150952	22.818
0.150952	22.8193
0.150953	22.8195
0.150957	22.8191
0.150957	22.8191
0.150958	22.8198
0.150958	22.8213
0.150959	22.8193
0.15096	22.8216
0.15096	22.8199
0.15096	22.8208
0.15096	22.8198
0.150961	22.819
0.150962	22.8193
0.150962	22.8195
0.150963	22.8215
0.150964	22.8223
0.150965	22.8203
0.150965	22.8222
0.150965	22.8227
0.150967	22.8231
0.150969	22.8221
0.15097	22.8225
0.15097	22.8217
0.15097	22.8224
0.15097	22.8215
0.15097	22.8229
0.150971	22.8223
0.150973	22.8232
0.150974	22.8207
0.151315	22.6864
0.15162	22.5585
0.151624	22.5611
0.151631	22.5599
0.151631	22.5596
0.151632	22.5619
0.151632	22.5612
0.151632	22.5611
0.151633	22.5619
0.151634	22.5632
0.151635	22.5622
0.151635	22.563
0.151635	22.5621
0.151636	22.5627
0.151637	22.562
0.151638	22.5632
0.151638	22.5608
0.151638	22.5615
0.151639	22.5629
0.15164	22.5618
0.15164	22.5612
0.15164	22.5642
0.151641	22.562
0.151641	22.564
0.151641	22.564
0.151642	22.5646
0.151642	22.563
0.151643	22.5621
0.151643	22.5645
0.151645	22.5631
0.151654	22.5636
0.151654	22.5642
0.151656	22.5669
0.15187	22.4552
0.152287	22.2972
0.152295	22.2974
0.152297	22.2965
0.152302	22.2995
0.152303	22.2991
0.152305	22.2991
0.152307	22.2985
0.152307	22.2975
0.152307	22.299
0.152309	22.3003
0.152309	22.2996
0.15231	22.2987
0.15231	22.2985
0.15231	22.299
0.152312	22.2997
0.152312	22.2996
0.152313	22.2995
0.152313	22.2991
0.152313	22.2983
0.152314	22.3012
0.152314	22.3006
0.152315	22.3008
0.152315	22.3015
0.152316	22.299
0.152316	22.2992
0.152318	22.3023
0.152319	22.3023
0.152321	22.3012
0.152321	22.3021
0.152321	22.2996
0.152323	22.3022
0.152326	22.3007
0.152446	22.3956
0.152933	22.7622
0.152972	22.8198
0.152974	22.821
0.152974	22.8207
0.152977	22.8194
0.152979	22.8194
0.152979	22.8211
0.152981	22.8203
0.152982	22.8202
0.152982	22.8212
0.152983	22.8199
0.152983	22.8211
0.152983	22.8225
0.152983	22.8221
0.152984	22.8219
0.152986	22.8215
0.152986	22.8232
0.152987	22.8217
0.152987	22.823
0.152987	22.8235
0.152988	22.8235
0.152988	22.8223
0.152988	22.8215
0.152988	22.8234
0.152989	22.8207
0.152989	22.8226
0.15299	22.8217
0.152991	22.8233
0.152991	22.8215
0.152991	22.822
0.152992	22.8213
0.152993	22.8227
0.153077	22.7866
0.153522	22.592
0.15365	22.5635
0.153651	22.565
0.153655	22.5647
0.153656	22.5658
0.153657	22.5654
0.153657	22.5653
0.153657	22.5663
0.153658	22.567
0.153658	22.5666
0.153659	22.5669
0.15366	22.5661
0.15366	22.566
0.15366	22.5661
0.15366	22.5646
0.153661	22.5653
0.153661	22.5668
0.153662	22.5654
0.153662	22.5672
0.153663	22.5658
0.153664	22.5654
0.153665	22.5655
0.153665	22.5663
0.153666	22.5652
0.153667	22.5676
0.153667	22.5667
0.153671	22.5666
0.153671	22.5689
0.153673	22.5692
0.153675	22.5666
0.153677	22.5683
0.153678	22.5671
0.153705	22.5495
0.154109	22.3656
0.154326	22.3204
0.154329	22.3201
0.154329	22.3214
0.154329	22.3219
0.154331	22.3208
0.154331	22.3202
0.154331	22.3214
0.154332	22.3223
0.154332	22.3199
0.154332	22.3221
0.154333	22.3209
0.154335	22.3205
0.154336	22.3217
0.154336	22.3223
0.154336	22.331
0.154337	22.3227
0.154337	22.3218
0.154337	22.3227
0.154338	22.3218
0.154339	22.3232
0.15434	22.3218
0.15434	22.3218
0.154341	22.3227
0.154343	22.3233
0.154345	22.3242
0.154345	22.3221
0.154345	22.3234
0.154346	22.3227
0.154347	22.3224
0.154347	22.3247
0.154352	22.3228
0.154353	22.3256
0.154704	22.5424
0.154988	22.8193
0.154998	22.8223
0.154998	22.8211
0.155002	22.8233
0.155004	22.8226
0.155004	22.8222
0.155004	22.8223
0.155007	22.8238
0.155008	22.8222
0.155008	22.8233
0.15501	22.8247
0.155011	22.8234
0.155011	22.8238
0.155012	22.8232
0.155012	22.8243
0.155014	22.8242
0.155015	22.8234
0.155015	22.8246
0.155015	22.8248
0.155016	22.8259
0.155017	22.826
0.155017	22.8259
0.155018	22.8251
0.155019	22.8257
0.15502	22.8243
0.15502	22.8259
0.15502	22.826
0.155021	22.8251
0.155022	22.8246
0.155025	22.8269
0.155026	22.827
0.155029	22.8261
0.155258	22.6987
0.155667	22.595
0.155673	22.5888
0.155673	22.5871
0.155678	22.5896
0.155681	22.5888
0.155681	22.5896
0.155683	22.5903
0.155683	22.5905
0.155685	22.5894
0.155685	22.5889
0.155685	22.591
0.155685	22.5908
0.155686	22.5903
0.155686	22.5911
0.155686	22.5904
0.155687	22.5894
0.155688	22.5904
0.155688	22.5896
0.155688	22.5913
0.155689	22.5892
0.15569	22.5903
0.15569	22.5897
0.155691	22.5901
0.155695	22.5917
0.155696	22.5912
0.155696	22.5916
0.155697	22.5907
0.155697	22.593
0.155699	22.5926
0.1557	22.592
0.155701	22.5917
0.155705	22.5927
0.15587	22.4862
0.15628	22.3454
0.156354	22.3226
0.156355	22.322
0.156355	22.3213
0.156355	22.3235
0.156358	22.3233
0.156358	22.3222
0.156358	22.3231
0.156358	22.3222
0.156359	22.322
0.15636	22.3226
0.15636	22.3239
0.156362	22.3232
0.156362	22.3236
0.156363	22.3238
0.156363	22.3244
0.156364	22.3225
0.156364	22.3241
0.156364	22.3235
0.156365	22.3229
0.156365	22.3231
0.156365	22.3248
0.156365	22.3246
0.156366	22.324
0.156367	22.3229
0.156367	22.3236
0.156368	22.3239
0.156368	22.3241
0.156368	22.3249
0.156369	22.3241
0.15637	22.3257
0.156374	22.3259
0.15647	22.2593
0.156885	22.1458
0.157029	22.109
0.15703	22.1088
0.15703	22.1078
0.15703	22.1077
0.157031	22.1076
0.157031	22.1095
0.157033	22.1091
0.157033	22.1087
0.157034	22.1084
0.157035	22.1085
0.157035	22.1086
0.157035	22.1096
0.157037	22.11
0.157038	22.1104
0.157039	22.1104
0.157039	22.1095
0.157039	22.1093
0.15704	22.1098
0.15704	22.1095
0.157041	22.11
0.157041	22.1106
0.157042	22.1099
0.157042	22.1103
0.157044	22.1108
0.157044	22.1093
0.157044	22.1104
0.157045	22.1109
0.157046	22.1109
0.157046	22.1099
0.157047	22.1118
0.157051	22.1104
0.157098	22.1311
0.157483	22.4062
0.157697	22.5974
0.157699	22.5968
0.157701	22.5985
0.157702	22.5976
0.157704	22.5975
0.157704	22.5972
0.157704	22.5978
0.157705	22.5991
0.157706	22.599
0.157707	22.5995
0.157707	22.5985
0.157708	22.5985
0.157708	22.5992
0.157709	22.5987
0.157712	22.5994
0.157712	22.5998
0.157713	22.5994
0.157713	22.5991
0.157713	22.5999
0.157713	22.5986
0.157714	22.5992
0.157715	22.6
0.157715	22.6001
0.157717	22.6002
0.157718	22.6007
0.157718	22.6
0.15772	22.5997
0.157721	22.5998
0.157721	22.6006
0.157721	22.6014
0.157732	22.6016
0.157742	22.5831
0.158057	22.4505
0.158379	22.3716
0.158381	22.3711
0.158382	22.3721
0.158384	22.3718
0.158384	22.372
0.158384	22.3714
0.158385	22.3718
0.158386	22.3719
0.158386	22.3725
0.158387	22.3717
0.158387	22.3715
0.158388	22.3719
0.158389	22.3718
0.158389	22.3718
0.158389	22.3718
0.158389	22.3725
0.158389	22.373
0.158389	22.3728
0.158391	22.3718
0.158391	22.3731
0.158391	22.3733
0.158392	22.3725
0.158393	22.3722
0.158393	22.3724
0.158393	22.3725
0.158394	22.373
0.158394	22.3736
0.158398	22.3735
0.158398	22.3739
0.158399	22.3742
0.1584	22.3709
0.158412	22.3749
0.158648	22.2537
0.15902	22.1624
0.159049	22.1495
0.159049	22.1483
0.159051	22.1493
0.159053	22.1494
0.159054	22.1499
0.159054	22.1492
0.159055	22.1504
0.159056	22.1503
0.159056	22.1504
0.159057	22.1504
0.159058	22.1506
0.159059	22.1507
0.159059	22.1504
0.159062	22.1505
0.159062	22.1509
0.159063	22.1506
0.159063	22.1514
0.159063	22.1516
0.159063	22.1503
0.159063	22.1509
0.159063	22.1513
0.159064	22.1506
0.159064	22.1507
0.159065	22.1508
0.159067	22.1512
0.159067	22.1517
0.159068	22.1515
0.159072	22.1522
0.159073	22.1529
0.159073	22.1531
0.159075	22.1522
0.159237	22.2406
0.159638	22.5593
0.159729	22.6278
0.159731	22.6282
0.159732	22.6285
0.159733	22.6287
0.159733	22.628
0.159733	22.629
0.159733	22.6286
0.159734	22.6284
0.159735	22.6285
0.159736	22.6293
0.159736	22.6284
0.159736	22.6284
0.159737	22.6295
0.159737	22.629
0.159737	22.6283
0.159738	22.6293
0.159739	22.6293
0.159739	22.6298
0.15974	22.6298
0.159741	22.6294
0.159741	22.63
0.159743	22.63
0.159744	22.6295
0.159744	22.6295
0.159745	22.6298
0.159745	22.6296
0.159745	22.6297
0.159747	22.6302
0.159748	22.6307
0.15975	22.6305
0.15975	22.6312
0.159859	22.5539
0.160247	22.4512
0.160402	22.3972
0.160403	22.3975
0.160404	22.3975
0.160404	22.3981
0.160406	22.3982
0.160407	22.3979
0.160408	22.3976
0.160409	22.3978
0.16041	22.3982
0.16041	22.3982
0.16041	22.3982
0.16041	22.3978
0.160411	22.3987
0.160412	22.3982
0.160412	22.3989
0.160414	22.3989
0.160414	22.3985
0.160414	22.3987
0.160414	22.3988
0.160414	22.3992
0.160414	22.3987
0.160415	22.3987
0.160416	22.3996
0.160417	22.3989
0.160418	22.3996
0.160418	22.3996
0.16042	22.4001
0.160421	22.4003
0.160422	22.3998
0.160423	22.4004
0.160425	22.4002
0.160479	22.3546
0.160856	22.2681
0.161071	22.1832
0.161077	22.1842
0.161078	22.1839
0.16108	22.1843
0.16108	22.185
0.161082	22.1852
0.161082	22.1848
0.161082	22.1851
0.161083	22.1848
0.161083	22.1854
0.161085	22.185
0.161085	22.1851
0.161086	22.1857
0.161087	22.1859
0.161087	22.1856
0.161089	22.186
0.161089	22.1856
0.161089	22.1859
0.16109	22.1857
0.161093	22.1859
0.161093	22.1865
0.161093	22.1864
0.161094	22.1865
0.161094	22.1867
0.161094	22.1868
0.161094	22.1868
0.161097	22.187
0.161097	22.1868
0.161097	22.1867
0.161102	22.1877
0.161102	22.1876
0.161119	22.1904
0.161425	22.4016
0.161746	22.6369
0.161753	22.6451
0.161753	22.6452
0.161755	22.6453
0.161756	22.6456
0.161757	22.6459
0.161758	22.6459
0.161758	22.646
0.161758	22.6458
0.161759	22.6462
0.16176	22.6462
0.161761	22.6463
0.161763	22.6467
0.161764	22.6467
0.161764	22.6467
0.161764	22.647
0.161764	22.6466
0.161765	22.6469
0.161766	22.647
0.161766	22.6474
0.161766	22.6474
0.161766	22.6471
0.161767	22.6472
0.161769	22.6473
0.161769	22.6477
0.161769	22.6475
0.16177	22.6478
0.161771	22.6479
0.161772	22.648
0.161772	22.6417
0.161774	22.648
0.161776	22.6483
0.162014	22.5384
0.162379	22.4418
0.162427	22.4254
0.162428	22.4253
0.162429	22.4255
0.16243	22.4258
0.162431	22.4258
0.162432	22.4262
0.162432	22.4261
0.162433	22.4263
0.162434	22.4264
0.162435	22.4266
0.162435	22.4266
0.162436	22.4266
0.162437	22.4267
0.162438	22.4269
0.162438	22.4269
0.162438	22.4269
0.162438	22.4269
0.162439	22.4271
0.162441	22.4272
0.162442	22.4274
0.162442	22.4275
0.162444	22.4278
0.162444	22.4278
0.162444	22.4278
0.162444	22.4278
0.162445	22.428
0.162446	22.4279
0.162446	22.4279
0.162446	22.4281
0.162456	22.4292
0.162464	22.4305
0.162621	22.3657
0.163001	22.2556
0.163099	22.2146
0.163099	22.2145
0.163099	22.2148
0.163101	22.2149
0.163106	22.2156
0.163107	22.2157
0.163107	22.2157
0.163107	22.2157
0.163108	22.2157
0.163108	22.2158
0.163108	22.2159
0.163109	22.2161
0.16311	22.216
0.163113	22.2165
0.163113	22.2164
0.163114	22.2166
0.163114	22.2166
0.163114	22.2166
0.163115	22.2168
0.163115	22.2168
0.163115	22.2168
0.163116	22.2168
0.163116	22.2169
0.16312	22.2175
0.163122	22.2178
0.163123	22.2178
0.163123	22.2179
0.163126	22.2182
0.163127	22.2183
0.163129	22.2188
0.163132	22.2191
0.163227	22.285
0.163588	22.3297
0.163779	22.2761
0.163781	22.2765
0.163783	22.2771
0.163783	22.2767
0.163783	22.2767
0.163783	22.2771
0.163785	22.2772
0.163787	22.2776
0.163788	22.2774
0.163789	22.2775
0.163789	22.2779
0.163789	22.2778
0.163789	22.2776
0.163789	22.2777
0.16379	22.2776
0.16379	22.2776
0.163791	22.278
0.163791	22.2782
0.163792	22.2782
0.163792	22.2785
0.163792	22.2781
0.163793	22.2786
0.163794	22.2785
0.163794	22.2782
0.163795	22.2789
0.163796	22.2787
0.163796	22.2783
0.163797	22.2787
0.163799	22.279
0.1638	22.2791
0.163803	22.2794
0.163866	22.2638
0.164177	22.2714
0.164446	22.4391
0.164448	22.4386
0.164451	22.4394
0.164457	22.4402
0.164457	22.4401
0.164459	22.4406
0.164461	22.4404
0.164462	22.4408
0.164462	22.4406
0.164463	22.4411
0.164463	22.4407
0.164464	22.4413
0.164464	22.4411
0.164465	22.4412
0.164465	22.4417
0.164466	22.441
0.164467	22.4413
0.164467	22.4417
0.164467	22.442
0.164467	22.4412
0.164468	22.4416
0.164468	22.4413
0.164469	22.4421
0.164469	22.4416
0.164471	22.4416
0.164474	22.4424
0.164474	22.4426
0.164476	22.443
0.164476	22.4426
0.164481	22.4437
0.164482	22.4436
0.164492	22.4366
0.164784	22.3383
0.16512	22.2287
0.165123	22.218
0.165124	22.2172
0.165126	22.2183
0.165131	22.2184
0.165131	22.2182
0.165131	22.2184
0.165132	22.2185
0.165132	22.2193
0.165133	22.2191
0.165133	22.2189
0.165139	22.2194
0.165139	22.2199
0.16514	22.2193
0.16514	22.2196
0.16514	22.2199
0.165141	22.2203
0.165141	22.2197
0.165142	22.2201
0.165143	22.2202
0.165144	22.2204
0.165147	22.2208
0.165147	22.2211
0.165148	22.2214
0.165149	22.2206
0.16515	22.2214
0.165151	22.2211
0.165152	22.2219
0.165152	22.2217
0.165153	22.2217
0.165156	22.2215
0.165163	22.2235
0.165392	22.1839
0.165734	22.0484
0.165804	22.0223
0.165805	22.0217
0.165806	22.0224
0.165806	22.0218
0.165808	22.0228
0.165808	22.0232
0.165809	22.022
0.16581	22.0228
0.165811	22.0234
0.165811	22.0223
0.165811	22.0236
0.165813	22.0225
0.165813	22.0233
0.165813	22.0238
0.165814	22.0233
0.165814	22.0229
0.165814	22.0228
0.165815	22.0232
0.165815	22.024
0.165815	22.0236
0.165817	22.0242
0.165817	22.024
0.165818	22.0237
0.165818	22.0241
0.165818	22.0237
0.165821	22.0243
0.165821	22.0235
0.165822	22.024
0.165823	22.0252
0.165824	22.0244
0.165826	22.0246
0.166001	22.1653
0.166336	22.3601
0.166475	22.4512
0.166481	22.452
0.166483	22.4535
0.166483	22.4525
0.166483	22.4528
0.166484	22.452
0.166484	22.4533
0.166484	22.4534
0.166485	22.4535
0.166487	22.4531
0.166487	22.4536
0.166488	22.4527
0.16649	22.4542
0.166491	22.4531
0.166492	22.4536
0.166492	22.4529
0.166492	22.4542
0.166492	22.4537
0.166493	22.453
0.166493	22.4542
0.166495	22.4542
0.166497	22.4548
0.166497	22.4548
0.166497	22.4544
0.166497	22.4536
0.166497	22.4548
0.166501	22.4548
0.166504	22.4563
0.166504	22.4561
0.166504	22.4547
0.166508	22.4555
0.166607	22.4496
0.166927	22.3069
0.167153	22.2356
0.167153	22.2357
0.167154	22.2368
0.167154	22.2367
0.167156	22.2379
0.167156	22.2377
0.167159	22.2375
0.167161	22.2373
0.167161	22.2382
0.167162	22.237
0.167163	22.238
0.167163	22.2386
0.167164	22.2375
0.167164	22.239
0.167165	22.2392
0.167166	22.2387
0.167166	22.2389
0.167166	22.2378
0.167167	22.2376
0.167168	22.2384
0.167169	22.2398
0.167169	22.2387
0.16717	22.2387
0.167171	22.2393
0.167172	22.2384
0.167174	22.2399
0.167175	22.2405
0.167179	22.2401
0.16718	22.2391
0.167182	22.2397
0.167182	22.2403
0.16722	22.2474
0.167543	22.1563
0.167827	22.0418
0.167828	22.0435
0.16783	22.0476
0.16783	22.0427
0.167832	22.0444
0.167835	22.0438
0.167835	22.0443
0.167837	22.0428
0.167837	22.0431
0.167838	22.0453
0.16784	22.0437
0.16784	22.044
0.167842	22.0455
0.167842	22.045
0.167842	22.0437
0.167842	22.0445
0.167843	22.0449
0.167845	22.0459
0.167845	22.0449
0.167845	22.0448
0.167847	22.0456
0.167847	22.0458
0.167848	22.0461
0.167848	22.045
0.167848	22.0463
0.167851	22.0456
0.167851	22.0448
0.167853	22.0461
0.167854	22.0454
0.167859	22.0464
0.16786	22.067
0.167862	22.048
0.168126	22.2612
0.16848	22.4373
0.168506	22.4619
0.168507	22.4606
0.168508	22.4622
0.16851	22.4612
0.168511	22.4627
0.168511	22.4619
0.168512	22.461
0.168512	22.4632
0.168513	22.461
0.168514	22.4626
0.168514	22.4626
0.168515	22.4626
0.168515	22.4623
0.168517	22.4632
0.168517	22.4619
0.168518	22.4625
0.168519	22.4618
0.168519	22.4642
0.168519	22.4637
0.16852	22.4627
0.16852	22.4634
0.16852	22.4629
0.16852	22.4624
0.168521	22.4629
0.168524	22.4628
0.168525	22.463
0.168526	22.463
0.168527	22.4649
0.168527	22.4652
0.168532	22.4656
0.168535	22.4651
0.168744	22.4348
0.169108	22.2835
0.169171	22.2492
0.169175	22.2474
0.169177	22.248
0.16918	22.2483
0.169182	22.2508
0.169184	22.2494
0.169186	22.2508
0.169186	22.251
0.169186	22.2502
0.169187	22.2514
0.169187	22.2502
0.169188	22.2507
0.169188	22.2495
0.169189	22.2498
0.169191	22.2513
0.169192	22.251
0.169193	22.2497
0.169193	22.2502
0.169194	22.2497
0.169195	22.2519
0.169196	22.2509
0.169198	22.2503
0.169198	22.2512
0.169199	22.2524
0.169202	22.2524
0.169203	22.2523
0.169205	22.2536
0.169205	22.253
0.169205	22.2524
0.169206	22.2526
0.169212	22.2548
0.169329	22.2489
0.169691	22.1234
0.169851	22.0628
0.169854	22.0614
0.169855	22.0617
0.169857	22.063
0.169859	22.0619
0.169861	22.0643
0.169861	22.0616
0.169861	22.0643
0.169863	22.062
0.169863	22.0642
0.169864	22.0631
0.169864	22.0623
0.169865	22.064
0.169866	22.0641
0.169866	22.0639
0.169866	22.0622
0.169866	22.064
0.169868	22.0649
0.169868	22.0629
0.169869	22.0631
0.169871	22.0651
0.169872	22.0641
0.169872	22.0644
0.169873	22.0653
0.169873	22.0644
0.169874	22.064
0.169874	22.0636
0.169876	22.0649
0.169877	22.0649
0.169884	22.0662
0.169889	22.0679
0.16995	22.1413
0.170273	22.3304
0.170529	22.4627
0.170529	22.4612
0.170531	22.4605
0.170531	22.4625
0.170535	22.4623
0.170537	22.4626
0.170537	22.4617
0.170537	22.4614
0.170539	22.4633
0.17054	22.4622
0.170542	22.463
0.170542	22.463
0.170542	22.4622
0.170542	22.4635
0.170543	22.4643
0.170544	22.4636
0.170544	22.4628
0.170545	22.4625
0.170546	22.4634
0.170548	22.4651
0.170548	22.4632
0.170549	22.4645
0.170549	22.4651
0.170549	22.4663
0.170549	22.4627
0.17055	22.4648
0.170551	22.4639
0.170553	22.4656
0.170554	22.4635
0.170556	22.4658
0.170563	22.4643
0.170581	22.4594
0.170878	22.3935
0.171198	22.2579
0.171204	22.2679
0.171207	22.2594
0.17121	22.2576
0.171212	22.2556
0.171212	22.2608
0.171212	22.2591
0.171212	22.2603
0.171213	22.2584
0.171213	22.2594
0.171215	22.2588
0.171215	22.2592
0.171215	22.2598
0.171216	22.2598
0.171216	22.2602
0.171218	22.2608
0.17122	22.2615
0.17122	22.2595
0.171222	22.262
0.171225	22.2599
0.171225	22.2618
0.171227	22.2604
0.171227	22.2599
0.171228	22.2618
0.171229	22.2611
0.171229	22.2625
0.17123	22.261
0.171231	22.2628
0.171231	22.2613
0.171232	22.2625
0.171233	22.2623
0.171237	22.261
0.171497	22.2181
0.171829	22.0714
0.171876	22.0477
0.171881	22.0487
0.171882	22.047
0.171883	22.0471
0.171884	22.0479
0.171891	22.0484
0.171892	22.0479
0.171892	22.0472
0.171893	22.0477
0.171893	22.0489
0.171895	22.0476
0.171895	22.0503
0.171895	22.0502
0.171896	22.0485
0.171896	22.0501
0.171897	22.0487
0.171898	22.0504
0.171898	22.0478
0.171898	22.0492
0.171899	22.0499
0.1719	22.0512
0.1719	22.0496
0.171901	22.0487
0.171901	22.0499
0.171902	22.0501
0.171902	22.0487
0.171905	22.0509
0.171906	22.0496
0.171906	22.0512
0.171908	22.0516
0.171909	22.0513
0.172097	22.0309
0.17244	21.9274
0.172547	21.8777
0.172555	21.8762
0.17256	21.8773
0.172562	21.8791
0.172565	21.8781
0.172565	21.8793
0.172565	21.8796
0.172566	21.8785
0.172566	21.879
0.172567	21.8787
0.172567	21.8801
0.172568	21.8791
0.172568	21.8776
0.172569	21.8787
0.172569	21.8796
0.172569	21.8804
0.172572	21.8785
0.172572	21.8797
0.172572	21.8783
0.172572	21.878
0.172573	21.8791
0.172574	21.8799
0.172576	21.8798
0.172577	21.8796
0.172577	21.8807
0.17258	21.8796
0.172581	21.8796
0.172581	21.8815
0.172583	21.8795
0.172583	21.8822
0.172584	21.8795
0.172683	21.9622
0.173035	22.1768
0.173224	22.2632
0.173225	22.2635
0.173226	22.2655
0.173229	22.2654
0.173234	22.265
0.173236	22.2644
0.173237	22.265
0.17324	22.2662
0.173243	22.2683
0.173244	22.2663
0.173244	22.2668
0.173244	22.266
0.173245	22.2665
0.173245	22.2673
0.173245	22.2684
0.173245	22.2674
0.173246	22.2678
0.173247	22.2682
0.173248	22.2686
0.173249	22.2671
0.173249	22.2676
0.173251	22.2666
0.173251	22.2691
0.173252	22.2663
0.173254	22.2682
0.173255	22.2676
0.173255	22.2693
0.173255	22.2695
0.173256	22.2685
0.173258	22.2693
0.17327	22.2688
0.173312	22.2514
0.173624	22.1904
0.173907	22.0719
0.173911	22.0713
0.173912	22.0718
0.173913	22.0707
0.173914	22.0711
0.173914	22.0707
0.173914	22.0707
0.173915	22.0716
0.173917	22.0731
0.173917	22.0708
0.173917	22.0705
0.173917	22.0745
0.173918	22.0724
0.173919	22.0707
0.173919	22.0721
0.173919	22.0729
0.173919	22.0722
0.17392	22.072
0.17392	22.0707
0.173924	22.0734
0.173924	22.0717
0.173924	22.0712
0.173927	22.073
0.173927	22.0728
0.173928	22.0741
0.173929	22.0728
0.173929	22.0745
0.173929	22.0642
0.17393	22.0746
0.173935	22.0727
0.173935	22.0747
0.173939	22.0739
0.174224	22.0287
0.174566	21.9202
0.174578	21.9042
0.17458	21.9026
0.174582	21.9036
0.174583	21.9026
0.174584	21.9048
0.174585	21.903
0.174588	21.9045
0.174588	21.9058
0.17459	21.9036
0.174591	21.9052
0.174591	21.9042
0.174592	21.9046
0.174593	21.9033
0.174593	21.9046
0.174594	21.9055
0.174595	21.904
0.174595	21.9035
0.174595	21.9067
0.174596	21.9048
0.174597	21.9057
0.174597	21.9068
0.174599	21.9054
0.174599	21.9058
0.174599	21.9055
0.1746	21.9068
0.174601	21.9049
0.174602	21.9066
0.174603	21.9072
0.174604	21.9072
0.174604	21.907
0.174616	21.9065
0.174832	22.0578
0.175178	22.2463
0.175254	22.2821
0.175257	22.2827
0.17526	22.2827
0.175262	22.2815
0.175266	22.2811
0.175266	22.2819
0.175267	22.2824
0.175267	22.2826
0.175267	22.2825
0.175268	22.2819
0.175268	22.2815
0.175268	22.2817
0.175268	22.2819
0.175268	22.2842
0.175268	22.2815
0.17527	22.2837
0.17527	22.283
0.175271	22.2834
0.175271	22.2847
0.175271	22.2848
0.175271	22.2836
0.175272	22.2836
0.175272	22.2827
0.175272	22.2842
0.175273	22.2851
0.175276	22.2841
0.175279	22.2831
0.17528	22.285
0.175285	22.2845
0.175287	22.2856
0.175289	22.2866
0.175403	22.243
0.175792	22.1651
0.175932	22.0854
0.175937	22.088
0.17594	22.0859
0.175941	22.0867
0.175943	22.0865
0.175944	22.0875
0.175944	22.0879
0.175944	22.0884
0.175944	22.0873
0.175945	22.0884
0.175946	22.0879
0.175946	22.0889
0.175947	22.0894
0.175948	22.0877
0.175948	22.0871
0.175949	22.0898
0.175949	22.0901
0.175949	22.0874
0.175951	22.0881
0.175951	22.0905
0.175952	22.0874
0.175953	22.0901
0.175953	22.0886
0.175953	22.0898
0.175955	22.0893
0.175957	22.0903
0.175959	22.0911
0.17596	22.09
0.175962	22.0913
0.175962	22.0903
0.175963	22.0907
0.176021	22.0646
0.176373	22.0167
0.176604	21.9265
0.176611	21.9271
0.176612	21.9253
0.176613	21.9265
0.176613	21.9269
0.176617	21.9261
0.176617	21.9262
0.176617	21.9256
0.176619	21.9288
0.17662	21.927
0.176621	21.927
0.176622	21.9271
0.176622	21.9266
0.176623	21.9286
0.176624	21.9276
0.176625	21.9293
0.176627	21.927
0.176628	21.9285
0.176628	21.9288
0.176628	21.9295
0.176629	21.9273
0.17663	21.9291
0.17663	21.9292
0.17663	21.9284
0.176631	21.9277
0.176633	21.929
0.176636	21.9306
0.176636	21.9303
0.176636	21.9278
0.176638	21.9316
0.176639	21.9295
0.17665	21.9426
0.176962	22.142
0.177282	22.2881
0.177285	22.2863
0.177286	22.2862
0.177287	22.2891
0.177288	22.2851
0.17729	22.2888
0.177291	22.2884
0.177293	22.2897
0.177294	22.2879
0.177294	22.2885
0.177295	22.2891
0.177296	22.2895
0.177296	22.2891
0.177297	22.2878
0.177297	22.2895
0.177299	22.2883
0.177299	22.2863
0.177299	22.2887
0.1773	22.2889
0.1773	22.2906
0.177301	22.2881
0.177301	22.2892
0.177301	22.2901
0.177301	22.2884
0.177302	22.2906
0.177303	22.2899
0.177305	22.2895
0.177309	22.2902
0.177309	22.2906
0.177311	22.2899
0.177312	22.2924
0.177314	22.2925
0.177568	22.2343
0.177918	22.144
0.177955	22.1045
0.17796	22.1071
0.17796	22.106
0.177963	22.1065
0.177964	22.1055
0.177964	22.1081
0.177965	22.1063
0.177967	22.1066
0.177968	22.1063
0.177968	22.1092
0.177969	22.1086
0.17797	22.1078
0.177971	22.107
0.177974	22.1079
0.177976	22.1087
0.177976	22.1099
0.177976	22.1096
0.177976	22.1078
0.177977	22.1088
0.177977	22.1094
0.177977	22.108
0.177978	22.1096
0.177979	22.1076
0.17798	22.1094
0.17798	22.1102
0.177981	22.1074
0.177981	22.1077
0.177982	22.1094
0.177982	22.1079
0.177987	22.1098
0.177993	22.1112
0.17816	22.0649
0.178531	21.9869
0.178632	21.9216
0.178637	21.9229
0.17864	21.9224
0.178644	21.9217
0.178644	21.9221
0.178644	21.9223
0.178645	21.9235
0.178645	21.9247
0.178646	21.9244
0.178646	21.9241
0.178646	21.9246
0.178647	21.9226
0.178647	21.922
0.178648	21.9236
0.178648	21.9231
0.178649	21.9244
0.17865	21.9245
0.178651	21.9231
0.178651	21.9221
0.178652	21.9244
0.178652	21.9224
0.178653	21.9253
0.178653	21.9238
0.178655	21.9245
0.178656	21.9229
0.178656	21.9248
0.178657	21.9261
0.178658	21.9236
0.178658	21.9238
0.178659	21.9247
0.17866	21.9267
0.178751	21.8996
0.179116	21.8487
0.179304	21.7812
0.17931	21.7817
0.179315	21.7822
0.179318	21.7829
0.179318	21.7804
0.179319	21.7833
0.179319	21.7812
0.179321	21.781
0.179321	21.7826
0.179322	21.7805
0.179322	21.7808
0.179322	21.7819
0.179324	21.7822
0.179325	21.7825
0.179326	21.7824
0.179328	21.7824
0.179328	21.7831
0.179329	21.7812
0.179329	21.7817
0.17933	21.7827
0.17933	21.7841
0.17933	21.7825
0.179331	21.7833
0.179331	21.7818
0.179333	21.7826
0.179333	21.7836
0.179333	21.784
0.179336	21.7849
0.179339	21.7822
0.179342	21.7835
0.179342	21.7854
0.179373	21.8053
0.179704	22.0107
0.179972	22.1299
0.179989	22.1325
0.179989	22.132
0.179991	22.13
0.179991	22.1325
0.179994	22.1306
0.179994	22.1328
0.179995	22.1315
0.179996	22.1305
0.179997	22.1332
0.179997	22.133
0.179998	22.1324
0.179999	22.1323
0.179999	22.1309
0.179999	22.1341
0.179999	22.1329
0.179999	22.1318
0.179999	22.1322
0.18	22.132
0.180001	22.1316
0.180004	22.1321
0.180005	22.1293
0.180007	22.1322
0.180007	22.133
0.180007	22.1339
0.180008	22.1339
0.180009	22.1353
0.180009	22.132
0.18001	22.1334
0.180011	22.1338
0.180017	22.1349
0.180024	22.137
0.180296	22.0753
0.180639	21.9879
0.180663	21.9597
0.180668	21.9603
0.18067	21.9596
0.18067	21.9585
0.18067	21.9585
0.180671	21.9594
0.180672	21.9591
0.180672	21.9598
0.180673	21.9588
0.180673	21.9613
0.180673	21.9606
0.180673	21.9587
0.180676	21.9609
0.180676	21.9602
0.180677	21.959
0.180678	21.9601
0.180679	21.9613
0.180679	21.9621
0.18068	21.962
0.18068	21.959
0.180682	21.9611
0.180682	21.9603
0.180683	21.9615
0.180684	21.9616
0.180686	21.9594
0.180687	21.9599
0.180687	21.9597
0.180687	21.9608
0.180689	21.9609
0.180689	21.9631
0.180693	21.9602
0.180871	21.9185
0.18127	21.8603
0.181336	21.8145
0.181339	21.8145
0.181343	21.8142
0.181345	21.8157
0.181346	21.8167
0.181347	21.8158
0.181347	21.8176
0.18135	21.8175
0.181351	21.815
0.181351	21.8168
0.181352	21.8163
0.181352	21.818
0.181352	21.8147
0.181352	21.8158
0.181352	21.8155
0.181353	21.8149
0.181354	21.817
0.181355	21.8182
0.181356	21.8186
0.181357	21.819
0.181359	21.8163
0.181359	21.8169
0.18136	21.818
0.18136	21.8162
0.18136	21.8176
0.181361	21.8168
0.181363	21.819
0.181363	21.8185
0.181365	21.8163
0.181367	21.8187
0.181374	21.82
0.181447	21.8784
0.181866	22.1085
0.18201	22.1589
0.182011	22.1621
0.182012	22.1595
0.182016	22.1628
0.182018	22.1609
0.182022	22.1617
0.182025	22.1613
0.182025	22.1634
0.182026	22.1631
0.182026	22.1628
0.182027	22.1629
0.182027	22.1626
0.182029	22.163
0.182029	22.1618
0.182029	22.1637
0.18203	22.1649
0.18203	22.1623
0.182032	22.1643
0.182032	22.165
0.182033	22.1643
0.182034	22.1627
0.182034	22.1622
0.182035	22.1635
0.182035	22.1644
0.182035	22.1632
0.182036	22.163
0.182038	22.1651
0.182039	22.1646
0.18204	22.1626
0.18204	22.1625
0.182047	22.1667
0.182061	22.1481
0.182476	22.0988
0.182694	22.0097
0.182696	22.0102
0.182697	22.0073
0.182699	22.0092
0.1827	22.01
0.1827	22.0103
0.1827	22.0073
0.1827	22.0083
0.182701	22.0073
0.182701	22.0091
0.182701	22.0084
0.182701	22.0102
0.182701	22.0088
0.182701	22.0092
0.182702	22.0081
0.182702	22.0073
0.182703	22.0109
0.182703	22.0083
0.182704	22.0089
0.182704	22.0099
0.182704	22.0081
0.182706	22.0096
0.182706	22.0104
0.182707	22.0106
0.182708	22.0093
0.182709	22.0103
0.182709	22.0107
0.18271	22.0086
0.182711	22.0111
0.182714	22.0102
0.182717	22.0062
0.182724	22.0108
0.182996	21.9562
0.183365	21.9052
0.183367	21.9076
0.183369	21.9232
0.183372	21.9079
0.183373	21.908
0.183373	21.9067
0.183374	21.9091
0.183375	21.9072
0.183376	21.907
0.183376	21.907
0.183377	21.9076
0.183378	21.9082
0.183379	21.9083
0.183379	21.9093
0.183381	21.9072
0.183381	21.9083
0.183381	21.9104
0.183381	21.91
0.183381	21.9101
0.183382	21.9075
0.183382	21.9083
0.183382	21.9093
0.183382	21.908
0.183383	21.9086
0.183385	21.9099
0.183386	21.9084
0.183389	21.9095
0.18339	21.9083
0.183392	21.91
0.183393	21.911
0.183395	21.912
0.183398	21.9118
0.183605	22.0296
0.184001	22.2712
0.184029	22.2944
0.184035	22.2923
0.184042	22.2934
0.184043	22.2957
0.184046	22.2935
0.184047	22.2961
0.184048	22.295
0.18405	22.2959
0.184051	22.2961
0.184053	22.2965
0.184053	22.2951
0.184053	22.2949
0.184053	22.2972
0.184055	22.2967
0.184056	22.2954
0.184056	22.2947
0.184057	22.2959
0.184057	22.2966
0.184057	22.2956
0.184057	22.2956
0.184059	22.2962
0.184059	22.2953
0.18406	22.2968
0.18406	22.2966
0.18406	22.2973
0.18406	22.2958
0.184062	22.2968
0.184066	22.2985
0.184066	22.2985
0.184072	22.2984
0.184075	22.298
0.184195	22.2763
0.184598	22.2274
0.184712	22.2126
0.18472	22.2113
0.184721	22.2125
0.184724	22.2126
0.184724	22.2118
0.184724	22.2136
0.184725	22.2144
0.184725	22.2127
0.184726	22.2135
0.184726	22.2143
0.184728	22.2135
0.184729	22.2122
0.184729	22.213
0.184729	22.2141
0.184729	22.2142
0.18473	22.213
0.184731	22.215
0.184733	22.2142
0.184734	22.2146
0.184735	22.2151
0.184735	22.2133
0.184736	22.2136
0.184736	22.2151
0.18474	22.2149
0.184741	22.2151
0.184742	22.215
0.184746	22.2168
0.184747	22.2146
0.184748	22.2166
0.184749	22.2151
0.184752	22.2159
0.184782	22.2035
0.185189	22.1446
0.185387	22.1077
0.185388	22.1094
0.185391	22.1084
0.1854	22.1104
0.185401	22.1102
0.185403	22.1107
0.185403	22.1112
0.185404	22.1117
0.185406	22.1112
0.185406	22.1099
0.185407	22.1112
0.185407	22.1108
0.185407	22.11
0.185409	22.1108
0.18541	22.1106
0.18541	22.1119
0.185411	22.1112
0.185411	22.1126
0.185411	22.1111
0.185413	22.1117
0.185415	22.1132
0.185416	22.1126
0.185416	22.1118
0.185418	22.1129
0.185419	22.1115
0.185419	22.1135
0.18542	22.1121
0.185421	22.1133
0.185422	22.1137
0.185422	22.1137
0.185422	22.1091
0.185428	22.1128
0.185765	22.0682
0.186066	22
0.186067	21.9964
0.186071	21.9977
0.186072	21.9966
0.186072	21.9968
0.186073	21.9985
0.186076	21.9969
0.186077	21.9977
0.186077	21.9984
0.186079	21.9983
0.186082	21.9983
0.186082	21.9993
0.186085	21.9992
0.186085	21.9982
0.186086	21.9998
0.186086	21.9988
0.186087	21.9993
0.186087	21.9982
0.186087	21.9988
0.186087	21.9986
0.186087	21.9994
0.186088	22
0.186088	21.9993
0.186089	21.9993
0.186093	22.0009
0.186095	21.9992
0.186096	21.9998
0.186096	22.0008
0.186099	22.0006
0.186099	22.0012
0.186104	22.0021
0.186104	22.0023
0.186315	22.1376
0.186714	22.2815
0.18673	22.2797
0.18675	22.2819
0.18675	22.2819
0.186751	22.2808
0.186752	22.2813
0.186753	22.2806
0.186753	22.2809
0.186754	22.2814
0.186754	22.2825
0.186754	22.282
0.186755	22.2829
0.186756	22.2822
0.186757	22.2811
0.186759	22.2824
0.18676	22.2815
0.18676	22.2823
0.186761	22.2821
0.186762	22.2824
0.186762	22.2816
0.186763	22.2836
0.186763	22.2822
0.186764	22.2832
0.186764	22.284
0.186766	22.2834
0.186768	22.2839
0.186772	22.2831
0.186772	22.2847
0.186772	22.2834
0.186775	22.2848
0.186777	22.2856
0.186784	22.2851
0.186904	22.2744
0.18735	22.1562
0.187415	22.0748
0.187418	22.0739
0.187422	22.0744
0.187423	22.0761
0.187423	22.0742
0.187424	22.0752
0.187425	22.0746
0.187426	22.0756
0.187426	22.0763
0.187429	22.0759
0.18743	22.0767
0.187432	22.0767
0.187433	22.0766
0.187433	22.0755
0.187434	22.0753
0.187434	22.0759
0.187434	22.0763
0.187436	22.0765
0.187437	22.0756
0.187437	22.0774
0.187438	22.0758
0.187439	22.0773
0.18744	22.0778
0.18744	22.0769
0.187442	22.076
0.187442	22.0775
0.187444	22.0778
0.187445	22.0783
0.187446	22.0773
0.187448	22.0771
0.187452	22.0784
0.187503	22.0737
0.187904	22.0096
0.188087	21.8884
0.188091	21.8875
0.188091	21.8882
0.188097	21.8877
0.1881	21.8882
0.1881	21.89
0.188101	21.89
0.188103	21.8895
0.188103	21.8894
0.188103	21.8896
0.188103	21.8888
0.188104	21.8895
0.188105	21.8889
0.188106	21.8893
0.188106	21.8898
0.188106	21.8905
0.188106	21.8904
0.188107	21.8902
0.188112	21.8895
0.188113	21.8899
0.188113	21.8904
0.188115	21.891
0.188115	21.891
0.188116	21.8902
0.188117	21.8901
0.188119	21.8907
0.188121	21.8904
0.188123	21.8921
0.188123	21.8917
0.188124	21.8926
0.188125	21.8908
0.188137	21.8943
0.188493	22.1185
0.188765	22.1518
0.188776	22.1537
0.188778	22.1533
0.18878	22.1536
0.188781	22.1544
0.188783	22.1541
0.188785	22.1552
0.188785	22.1551
0.188786	22.1546
0.188787	22.1542
0.188788	22.1555
0.188788	22.1545
0.188788	22.1549
0.188788	22.1548
0.188788	22.1556
0.18879	22.1552
0.18879	22.1547
0.188792	22.1558
0.188793	22.1555
0.188793	22.1551
0.188793	22.1555
0.188793	22.1561
0.188794	22.1558
0.188794	22.1553
0.188795	22.1563
0.188795	22.1558
0.188795	22.1559
0.188796	22.1564
0.188797	22.1564
0.188798	22.1562
0.1888	22.1556
0.188802	22.156
0.189029	22.1446
0.189434	22.0188
0.189442	22.0309
0.189442	22.0311
0.189443	22.031
0.189447	22.0315
0.189449	22.0317
0.18945	22.0319
0.189451	22.032
0.189452	22.0318
0.189454	22.0324
0.189455	22.0324
0.189457	22.0329
0.189459	22.0329
0.189461	22.0332
0.189461	22.0333
0.189462	22.0331
0.189462	22.0334
0.189464	22.0335
0.189464	22.0333
0.189465	22.0335
0.189465	22.0337
0.189466	22.0337
0.189466	22.0338
0.189467	22.0336
0.189467	22.0338
0.189469	22.0341
0.189469	22.0343
0.189471	22.0342
0.189472	22.0343
0.189476	22.0348
0.189476	22.0348
0.189482	22.0356
0.189593	22.0262
0.190078	21.9102
0.190125	21.9692
0.190132	21.9707
0.190132	21.9701
0.190133	21.9707
0.190133	21.9707
0.190133	21.9709
0.190133	21.9713
0.190135	21.9704
0.190137	21.9715
0.190137	21.9712
0.190137	21.9707
0.190137	21.971
0.190137	21.9716
0.190137	21.9711
0.190138	21.971
0.190139	21.9717
0.190139	21.9713
0.19014	21.9712
0.19014	21.9712
0.190142	21.9719
0.190145	21.9717
0.190145	21.9715
0.190146	21.9721
0.190146	21.9722
0.190146	21.9714
0.190147	21.972
0.190149	21.9719
0.19015	21.9723
0.19015	21.9728
0.190152	21.9732
0.190161	21.9733
0.190195	21.9939
0.190652	21.9876
0.1908	22.0819
0.190801	22.0817
0.190801	22.0793
0.190803	22.0828
0.190805	22.083
0.190807	22.0828
0.190807	22.0842
0.190808	22.0834
0.190809	22.0831
0.19081	22.084
0.19081	22.0825
0.19081	22.0833
0.190811	22.0832
0.190812	22.0828
0.190813	22.0843
0.190814	22.0827
0.190815	22.0836
0.190815	22.0848
0.190817	22.0841
0.190817	22.0845
0.190817	22.0842
0.190817	22.0846
0.190819	22.0854
0.190823	22.0838
0.190826	22.0862
0.190826	22.0857
0.190826	22.0843
0.190827	22.0846
0.190827	22.0862
0.190829	22.0851
0.190832	22.0866
0.190837	22.0876
0.191226	21.6977
0.191471	21.4969
0.191474	21.4981
0.191482	21.5006
0.191482	21.5006
0.191483	21.5001
0.191484	21.4998
0.191487	21.5008
0.191488	21.4983
0.191489	21.5017
0.191489	21.4995
0.19149	21.4998
0.191491	21.5009
0.191493	21.4996
0.191493	21.5011
0.191494	21.5001
0.191494	21.499
0.191495	21.5013
0.191495	21.4998
0.191496	21.5011
0.191496	21.5021
0.191496	21.502
0.191498	21.5021
0.191498	21.5
0.191499	21.4996
0.1915	21.5013
0.191501	21.5006
0.191501	21.5014
0.191502	21.5016
0.191504	21.4998
0.191515	21.5019
0.191515	21.5027
0.191518	21.5016
0.191737	21.1588
0.192142	20.6371
0.192153	20.6388
0.192155	20.6418
0.192158	20.6405
0.192159	20.6385
0.192159	20.6401
0.19216	20.6406
0.19216	20.6392
0.192161	20.6395
0.192164	20.6422
0.192164	20.6436
0.192165	20.6408
0.192165	20.6405
0.192165	20.6408
0.192166	20.6426
0.192166	20.6403
0.192166	20.6422
0.192167	20.643
0.192168	20.6395
0.192168	20.6436
0.19217	20.6409
0.19217	20.642
0.19217	20.6437
0.192171	20.6443
0.192171	20.64
0.192172	20.6432
0.192174	20.6426
0.192175	20.6427
0.192175	20.6412
0.192179	20.6436
0.192181	20.645
0.192184	20.6457
0.192309	20.4088
0.192797	19.7063
0.192817	19.6416
0.192822	19.6453
0.192825	19.6427
0.192827	19.6447
0.192829	19.6457
0.192832	19.6465
0.192834	19.6478
0.192836	19.6433
0.192837	19.6478
0.192838	19.6451
0.192838	19.6454
0.192841	19.6448
0.192841	19.6439
0.192842	19.6491
0.192842	19.6433
0.192843	19.6491
0.192844	19.646
0.192845	19.648
0.192845	19.6468
0.192845	19.6497
0.192845	19.6497
0.192846	19.6451
0.192846	19.6438
0.192846	19.6486
0.192848	19.6472
0.192848	19.6467
0.192849	19.6496
0.19285	19.6486
0.192854	19.6453
0.192855	19.6469
0.192863	19.6491
0.192896	19.5657
0.193391	18.9999
0.193501	18.8898
0.193504	18.8867
0.193505	18.8871
0.193506	18.8887
0.193509	18.8949
0.193509	18.8922
0.193511	18.8938
0.193511	18.8916
0.193512	18.8946
0.193513	18.889
0.193513	18.8907
0.193514	18.8894
0.193514	18.8884
0.193516	18.8938
0.193516	18.8893
0.193518	18.8905
0.193519	18.8935
0.193519	18.8923
0.193519	18.8949
0.193519	18.8928
0.193519	18.8905
0.19352	18.8911
0.193521	18.8957
0.193523	18.8933
0.193524	18.8952
0.193527	18.8945
0.193527	18.8925
0.193527	18.895
0.193527	18.8893
0.193532	18.8934
0.193534	18.8904
0.193546	18.899
0.193962	18.1213
0.194175	17.832
0.194177	17.8366
0.194179	17.8327
0.194182	17.832
0.194183	17.8362
0.194185	17.8401
0.194189	17.8412
0.19419	17.8388
0.19419	17.8316
0.19419	17.8346
0.19419	17.8376
0.194191	17.8384
0.194191	17.8402
0.194192	17.8323
0.194193	17.8405
0.194193	17.8346
0.194193	17.8359
0.194194	17.8412
0.194195	17.8392
0.194195	17.838
0.194195	17.8399
0.194197	17.8401
0.194202	17.8378
0.194203	17.8333
0.194204	17.8372
0.194204	17.8376
0.194204	17.8366
0.194205	17.8387
0.194207	17.834
0.194208	17.8428
0.194212	17.8373
0.194213	17.8359
0.194465	17.3649
0.194851	16.902
0.194852	16.9009
0.194857	16.9073
0.194857	16.9116
0.194859	16.9107
0.194859	16.9107
0.19486	16.9059
0.194861	16.9118
0.194865	16.9102
0.194865	16.91
0.194866	16.9081
0.194866	16.9136
0.194867	16.9128
0.194868	16.9091
0.194868	16.9077
0.19487	16.9112
0.19487	16.9031
0.194872	16.9091
0.194873	16.9033
0.194873	16.9138
0.194874	16.9125
0.194874	16.9064
0.194874	16.9085
0.194881	16.9081
0.194882	16.9054
0.194883	16.9068
0.194884	16.9065
0.194884	16.9076
0.194885	16.9037
0.194888	16.9113
0.194889	16.9065
0.194889	16.9057
0.195021	16.7487
0.195513	16.4946
0.195527	16.5126
0.195535	16.5091
0.195536	16.509
0.195537	16.5112
0.195538	16.5183
0.19554	16.5182
0.19554	16.5077
0.19554	16.5117
0.19554	16.5195
0.195541	16.5112
0.195542	16.5133
0.195543	16.5088
0.195544	16.5183
0.195544	16.5074
0.195545	16.5075
0.195545	16.5147
0.195547	16.5163
0.195548	16.5166
0.195549	16.5183
0.19555	16.5151
0.19555	16.5109
0.195552	16.5112
0.195552	16.5182
0.195554	16.5175
0.195554	16.5135
0.195557	16.5174
0.195559	16.5144
0.19556	16.5116
0.195561	16.5096
0.195561	16.5167
0.195567	16.5085
0.195588	16.4275
0.196136	15.8773
0.196193	15.8972
0.196202	15.9098
0.196206	15.9013
0.196207	15.9014
0.196208	15.9096
0.196208	15.9121
0.196209	15.9129
0.196211	15.9089
0.196213	15.9038
0.196213	15.9075
0.196214	15.9057
0.196214	15.9078
0.196216	15.9015
0.196219	15.9056
0.19622	15.9032
0.19622	15.9071
0.196221	15.9076
0.196226	15.8997
0.196226	15.9104
0.196226	15.9037
0.196227	15.9006
0.196229	15.9058
0.19623	15.9109
0.19623	15.9017
0.19623	15.913
0.19623	15.8997
0.196231	15.906
0.196233	15.899
0.196233	15.9025
0.196235	15.9071
0.196238	15.9128
0.19625	15.9144
0.196693	15.4513
0.196874	15.5531
0.196881	15.5463
0.196882	15.5444
0.196882	15.5482
0.196884	15.551
0.196885	15.5418
0.196889	15.5416
0.196889	15.5497
0.196892	15.5403
0.196892	15.5391
0.196895	15.5437
0.196897	15.5484
0.196899	15.5528
0.196899	15.5534
0.1969	15.5399
0.196901	15.5418
0.196901	15.5415
0.196902	15.5546
0.196903	15.5428
0.196903	15.5522
0.196903	15.5472
0.196903	15.5444
0.196904	15.5486
0.196905	15.551
0.196906	15.5522
0.196907	15.5484
0.196909	15.5533
0.196909	15.5559
0.196911	15.5502
0.196913	15.5466
0.196913	15.5406
0.196922	15.5455
0.197235	15.5103
0.19756	15.9403
0.197561	15.945
0.197561	15.951
0.197562	15.9528
0.197562	15.9464
0.197563	15.9539
0.197564	15.9443
0.197564	15.9492
0.197566	15.9539
0.197569	15.9398
0.197569	15.9484
0.197569	15.9467
0.19757	15.9494
0.19757	15.9393
0.197572	15.9391
0.197573	15.9515
0.197573	15.9507
0.197574	15.9481
0.197575	15.953
0.197577	15.9515
0.197577	15.9409
0.197578	15.9429
0.197579	15.9433
0.197579	15.9483
0.197579	15.9436
0.19758	15.9428
0.197581	15.9465
0.197581	15.9452
0.197585	15.9448
0.197586	15.9422
0.197592	15.9539
0.197593	15.9534
0.197698	15.9395
0.198229	16.6266
0.198234	16.6334
0.198237	16.6319
0.19824	16.6382
0.198241	16.6328
0.198241	16.6291
0.198242	16.6297
0.198244	16.6306
0.198247	16.6333
0.198247	16.636
0.198247	16.6384
0.198247	16.6373
0.198247	16.6299
0.198248	16.6323
0.198248	16.6373
0.198252	16.6407
0.198253	16.6355
0.198254	16.6409
0.198254	16.6411
0.198254	16.64
0.198256	16.6325
0.198257	16.635
0.198258	16.628
0.198259	16.6238
0.198259	16.6286
0.19826	16.632
0.19826	16.6361
0.198263	16.6369
0.198263	16.6295
0.198266	16.6305
0.198268	16.6384
0.198273	16.6412
0.19828	16.6963
0.198851	17.8839
0.198901	18.005
0.198906	18.0056
0.198907	18.0014
0.198907	18.0025
0.198908	18.004
0.19891	18.0035
0.198911	18.0041
0.198911	18.0058
0.198912	18.0082
0.198913	18.0013
0.198915	18.0045
0.198915	18.005
0.198918	18.0108
0.198918	18.003
0.19892	18.0092
0.198921	18.0041
0.198922	18.0076
0.198922	18.0011
0.198922	18.0009
0.198926	18.0038
0.198926	18.0102
0.198927	18.0065
0.198928	18.0016
0.198928	18.0049
0.198929	18.0081
0.198929	18.0098
0.198929	18.0088
0.19893	18.0096
0.198931	18.0029
0.198932	18.0113
0.198933	18.003
0.199286	19.1632
0.199491	19.7781
0.199498	19.7738
0.199508	19.7788
0.19951	19.7799
0.199512	19.7787
0.199513	19.7777
0.199515	19.7791
0.199515	19.7784
0.199517	19.7772
0.199517	19.7765
0.199518	19.7788
0.199518	19.7759
0.199519	19.7781
0.199521	19.7764
0.199523	19.7784
0.199523	19.7777
0.199524	19.7784
0.199524	19.7809
0.199525	19.7795
0.199525	19.7778
0.199528	19.7799
0.199533	19.7811
0.199534	19.7813
0.199535	19.7783
0.199535	19.7789
0.199541	19.7794
0.199861	20.708
0.200005	21.063
0.200014	21.0645
0.200015	21.0652
0.200016	21.0654
0.200019	21.0664
0.200019	21.065
0.20002	21.0655
0.200022	21.0657
0.200023	21.0667
0.200023	21.0659
0.200024	21.0664
0.200025	21.0667
0.200027	21.0657
0.20003	21.066
0.20003	21.0663
0.200032	21.0673
0.200033	21.0664
0.200037	21.0676
0.200038	21.0687
0.200042	21.0669
0.200045	21.069
0.200106	21.3523
0.200428	22.1631
0.200429	22.1632
0.200433	22.1638
0.200433	22.1639
0.200433	22.1638
0.200435	22.164
0.200438	22.1643
0.200439	22.1644
0.200441	22.1643
0.200444	22.1649
0.200448	22.1655
0.200448	22.165
0.200448	22.1655
0.200449	22.1653
0.20045	22.1655
0.200451	22.1656
0.200453	22.166
0.200455	22.1663
0.200612	22.4528
0.20076	22.6783
0.200779	22.6815
0.20078	22.6808
0.20078	22.6809
0.20078	22.6813
0.200782	22.6814
0.200788	22.682
0.200793	22.6822
0.200793	22.6827
0.200798	22.6833
0.200799	22.6831
0.200801	22.6836
0.200801	22.6835
0.200815	22.6849
0.200817	22.6851
0.201057	23.0462
0.201059	23.067
0.201067	23.068
0.201068	23.068
0.201069	23.0677
0.20107	23.0679
0.201071	23.068
0.201077	23.0687
0.201077	23.069
0.20108	23.0692
0.201082	23.0695
0.201087	23.0702
0.20109	23.0702
0.201285	23.2482
0.201311	23.2675
0.20132	23.2685
0.201323	23.2687
0.201327	23.2692
0.201328	23.2692
0.201328	23.2694
0.201332	23.2698
0.201339	23.2704
0.201339	23.2708
0.201341	23.2705
0.201496	23.3579
0.201499	23.3574
0.201507	23.3577
0.201516	23.3587
0.201516	23.3588
0.20152	23.3591
0.201524	23.3509
0.201531	23.3606
0.201539	23.3615
0.201676	23.2145
0.201678	23.2145
0.201683	23.2151
0.201684	23.2156
0.201686	23.2155
0.201703	23.2175
0.201706	23.2172
0.201766	23.2304
0.201822	23.2456
0.201823	23.2452
0.201839	23.2473
0.201841	23.2476
0.201852	23.2489
0.20186	23.2485
0.201945	23.2569
0.201948	23.2582
0.201952	23.2585
0.201953	23.2591
0.201971	23.2608
0.202027	23.2192
0.202044	23.2211
0.202045	23.2208
0.202048	23.2207
0.202099	23.1693
0.202133	23.14
0.202139	23.1442
0.202147	23.1449
0.202187	23.0371
0.202201	23.0397
0.202211	23.0408
0.202251	22.9227
0.202273	22.9252
0.202291	22.8015
0.202298	22.7541
0.202306	22.8675
0.202332	22.683
0.202343	22.6087
0.202367	22.4588
0.202379	22.5504
0.202417	22.2585
0.202444	22.3676
0.202471	22.0108
0.202476	22.1481
0.202503	21.8166
0.20253	21.3885
0.202533	21.5911
0.202557	21.2259
0.202579	21.0065
0.202587	20.7795
0.202629	20.6619
0.202651	20.2455
0.202675	20.1803
0.202701	19.6707
0.202707	19.5235
0.202732	18.6623
0.202744	19.1104
0.20275	18.5416
0.202796	17.5821
0.202799	17.5815
0.202831	16.4842
0.20286	16.243
0.202866	15.0195
0.2029	14.5767
0.202906	12.6182
0.202926	11.2906
0.202937	5.88692
0.20296	9.03553
0.202982	2.13057
)
