(title "Circumferential Averages")
(labels "Radius" "Radial Velocity")

((xy/key/label "")
0.142001	0.032274
0.14203	0.0972656
0.142043	0.159378
0.14207	0.206253
0.142088	0.244901
0.142107	0.275036
0.142117	0.297144
0.142161	0.342836
0.142163	0.333313
0.142202	0.372208
0.142205	0.376795
0.142236	0.409695
0.142242	0.409709
0.142273	0.432177
0.142299	0.446552
0.142305	0.446568
0.142346	0.468383
0.142353	0.483079
0.142362	0.483105
0.142363	0.483121
0.142438	0.517442
0.142444	0.517479
0.142447	0.516839
0.142456	0.517527
0.142507	0.549102
0.142543	0.567065
0.142545	0.567117
0.142548	0.567116
0.142553	0.567124
0.142597	0.596018
0.142659	0.634921
0.142661	0.634902
0.142664	0.634946
0.142665	0.634903
0.142667	0.634999
0.142688	0.646491
0.142794	0.696137
0.142796	0.696165
0.142796	0.696256
0.142798	0.696248
0.142798	0.6961
0.142805	0.696241
0.142806	0.696155
0.142916	0.709519
0.142964	0.711761
0.142966	0.711634
0.142966	0.711847
0.14297	0.711903
0.142974	0.711804
0.142974	0.711848
0.142976	0.711726
0.142984	0.712031
0.143101	0.714678
0.143164	0.706283
0.143165	0.706737
0.143165	0.706537
0.143167	0.706673
0.143168	0.706473
0.143171	0.706338
0.143176	0.706689
0.143176	0.706419
0.14318	0.706528
0.143184	0.706888
0.143372	0.532732
0.143401	0.485778
0.143403	0.486267
0.143408	0.486425
0.143409	0.486168
0.143411	0.485997
0.143415	0.486359
0.143415	0.486542
0.143416	0.486658
0.143416	0.486153
0.143416	0.485974
0.143417	0.486714
0.143422	0.485822
0.143661	0.445713
0.143691	0.427253
0.143692	0.426577
0.143694	0.426458
0.143696	0.42674
0.143702	0.426989
0.143702	0.425933
0.143703	0.426254
0.143703	0.426369
0.143705	0.42611
0.143705	0.426722
0.143708	0.426041
0.14371	0.42709
0.143711	0.425806
0.143718	0.427204
0.143804	0.421445
0.144045	0.357302
0.144046	0.357663
0.144046	0.357502
0.144046	0.3568
0.144047	0.356655
0.144048	0.35736
0.144049	0.358163
0.144049	0.356827
0.14405	0.35706
0.14405	0.358005
0.144051	0.358636
0.144052	0.35647
0.144053	0.358253
0.144053	0.356308
0.144057	0.35847
0.144058	0.356448
0.144064	0.357863
0.144064	0.358774
0.144297	0.407177
0.144457	0.406012
0.144461	0.407484
0.144464	0.407204
0.144465	0.406716
0.144466	0.40866
0.144466	0.406536
0.144466	0.408789
0.144467	0.406247
0.144467	0.40649
0.144467	0.408033
0.144467	0.408412
0.144468	0.407956
0.144469	0.409512
0.144471	0.408905
0.144473	0.409221
0.144473	0.407779
0.144473	0.407371
0.144474	0.409404
0.144479	0.407
0.144482	0.408158
0.144485	0.405974
0.144588	0.450457
0.144947	0.476226
0.144959	0.478081
0.144963	0.479529
0.144963	0.476657
0.144965	0.477161
0.144967	0.480025
0.144967	0.480343
0.144968	0.481633
0.144968	0.477751
0.144969	0.481287
0.144969	0.476786
0.14497	0.477413
0.144972	0.478196
0.144972	0.478487
0.144973	0.481664
0.144973	0.479113
0.144974	0.479401
0.144974	0.481209
0.144974	0.478987
0.144974	0.477588
0.144974	0.478747
0.144975	0.480726
0.144975	0.479713
0.144979	0.48052
0.144983	0.480937
0.144984	0.476594
0.14514	0.522353
0.145563	0.52522
0.145564	0.519316
0.145567	0.521016
0.145567	0.521567
0.145567	0.525852
0.145567	0.525153
0.145568	0.522321
0.145568	0.522527
0.145569	0.52192
0.145569	0.524097
0.14557	0.523773
0.145571	0.524813
0.145571	0.520208
0.145571	0.519108
0.145572	0.520089
0.145572	0.518875
0.145572	0.520673
0.145573	0.524352
0.145573	0.52459
0.145574	0.523055
0.145575	0.522066
0.145575	0.519996
0.145575	0.518357
0.145576	0.518515
0.145576	0.521009
0.145576	0.523435
0.145578	0.523506
0.145579	0.52144
0.145581	0.525783
0.145582	0.522748
0.145585	0.519706
0.14563	0.537448
0.146206	0.590063
0.146222	0.58195
0.146223	0.585667
0.146226	0.588663
0.146231	0.586231
0.146231	0.587705
0.146232	0.587388
0.146232	0.583987
0.146232	0.583405
0.146234	0.584871
0.146234	0.586392
0.146234	0.587265
0.146235	0.586685
0.146236	0.58917
0.146236	0.58685
0.146237	0.588638
0.146237	0.5832
0.146239	0.582251
0.14624	0.582037
0.14624	0.583751
0.146241	0.585152
0.146241	0.582487
0.146242	0.589477
0.146242	0.587787
0.146242	0.585246
0.146243	0.586005
0.146243	0.584486
0.146243	0.588192
0.146244	0.588982
0.146244	0.584093
0.146244	0.582901
0.146251	0.583168
0.14627	0.581198
0.14678	0.364058
0.146895	0.316889
0.146903	0.320463
0.146904	0.320601
0.146905	0.323689
0.146907	0.32171
0.146907	0.318123
0.146908	0.322268
0.146908	0.323194
0.146908	0.319223
0.146909	0.319474
0.146909	0.318993
0.146909	0.323712
0.14691	0.32272
0.14691	0.319914
0.146911	0.322876
0.146912	0.322419
0.146912	0.316675
0.146913	0.323072
0.146914	0.322237
0.146914	0.317669
0.146914	0.318843
0.146915	0.321083
0.146915	0.320378
0.146915	0.31782
0.146917	0.321423
0.146917	0.317239
0.146918	0.321997
0.146919	0.319933
0.14692	0.321253
0.14692	0.318299
0.14692	0.317291
0.146924	0.318597
0.147338	0.444055
0.147575	0.562829
0.147578	0.563291
0.147578	0.564475
0.147578	0.565355
0.14758	0.560785
0.147581	0.559922
0.147582	0.561308
0.147583	0.560987
0.147584	0.561678
0.147584	0.563955
0.147585	0.561768
0.147585	0.563588
0.147585	0.559468
0.147586	0.565039
0.147586	0.563816
0.147587	0.56515
0.147588	0.561023
0.147588	0.563104
0.147588	0.564852
0.147591	0.564431
0.147591	0.562271
0.147592	0.565585
0.147593	0.566254
0.147593	0.560548
0.147593	0.562506
0.147594	0.560056
0.147594	0.562136
0.147594	0.560398
0.147595	0.559533
0.147595	0.562752
0.147596	0.564226
0.147596	0.565981
0.147885	0.490579
0.148246	0.475603
0.148248	0.475705
0.148248	0.471112
0.148248	0.470479
0.148252	0.471438
0.148252	0.475029
0.148253	0.474032
0.148254	0.472914
0.148256	0.474564
0.148256	0.470688
0.148257	0.474432
0.148258	0.471903
0.148258	0.473682
0.148259	0.470409
0.14826	0.472358
0.14826	0.475205
0.14826	0.474311
0.148261	0.47317
0.148261	0.475393
0.148262	0.47267
0.148262	0.473061
0.148262	0.472136
0.148263	0.476126
0.148264	0.471124
0.148266	0.474884
0.148266	0.47252
0.148269	0.471346
0.14827	0.473997
0.14827	0.470138
0.148271	0.471711
0.148274	0.470021
0.148274	0.473549
0.14845	0.351328
0.14892	0.140269
0.148925	0.136515
0.148926	0.137115
0.148927	0.137459
0.148929	0.139215
0.14893	0.140986
0.14893	0.139683
0.148932	0.138273
0.148932	0.138606
0.148932	0.141376
0.148933	0.138993
0.148934	0.14157
0.148935	0.139463
0.148937	0.136826
0.148937	0.14175
0.148938	0.140544
0.148938	0.138055
0.148938	0.140034
0.148938	0.140735
0.148938	0.139777
0.148939	0.142034
0.148939	0.14013
0.148939	0.138233
0.14894	0.137927
0.14894	0.137821
0.148941	0.136819
0.148943	0.137346
0.148943	0.140985
0.148944	0.134764
0.148945	0.138745
0.148946	0.141251
0.148951	0.138999
0.149038	0.11203
0.149559	0.0740669
0.149596	0.0851965
0.149597	0.0875628
0.149598	0.0869532
0.149602	0.086056
0.149605	0.0872337
0.149607	0.086475
0.149607	0.0880468
0.149608	0.0858649
0.149609	0.0861787
0.149609	0.0891212
0.149611	0.0897559
0.149611	0.0865723
0.149612	0.0887508
0.149612	0.0852353
0.149614	0.0868931
0.149617	0.0889168
0.149617	0.0876618
0.149617	0.0894433
0.149617	0.088237
0.149618	0.0857111
0.149618	0.087758
0.149619	0.089667
0.149619	0.0884313
0.14962	0.0854925
0.14962	0.0882177
0.149621	0.0851327
0.149622	0.084905
0.149623	0.087097
0.149625	0.08852
0.149626	0.0865388
0.14963	0.0893702
0.149661	0.102005
0.150164	0.273658
0.150278	0.34717
0.150278	0.347027
0.150278	0.345419
0.150279	0.346358
0.15028	0.347428
0.15028	0.347246
0.15028	0.344509
0.150281	0.347602
0.150282	0.345795
0.150282	0.348218
0.150282	0.346066
0.150282	0.345213
0.150283	0.346244
0.150283	0.344564
0.150283	0.347792
0.150283	0.34664
0.150285	0.344247
0.150285	0.345074
0.150286	0.34405
0.150287	0.346582
0.150288	0.34795
0.15029	0.34595
0.150292	0.345676
0.150293	0.348476
0.150293	0.344436
0.150293	0.348083
0.150296	0.345113
0.150296	0.346974
0.150296	0.343822
0.150301	0.343864
0.150313	0.347319
0.150314	0.344935
0.150731	0.34103
0.150951	0.373776
0.150952	0.37183
0.150952	0.372349
0.150952	0.374057
0.150953	0.374174
0.150957	0.37284
0.150957	0.372816
0.150958	0.373499
0.150958	0.375592
0.150959	0.372481
0.15096	0.375707
0.15096	0.373346
0.15096	0.374584
0.15096	0.37311
0.150961	0.371838
0.150962	0.372036
0.150962	0.372277
0.150963	0.374977
0.150964	0.375815
0.150965	0.372795
0.150965	0.375484
0.150965	0.376087
0.150967	0.376223
0.150969	0.374464
0.15097	0.375285
0.15097	0.373712
0.15097	0.374737
0.15097	0.373394
0.15097	0.375358
0.150971	0.374336
0.150973	0.37512
0.150974	0.371488
0.151315	0.19153
0.15162	0.074656
0.151624	0.0774556
0.151631	0.074498
0.151631	0.0739612
0.151632	0.0770629
0.151632	0.076015
0.151632	0.0757321
0.151633	0.0766914
0.151634	0.0782296
0.151635	0.0767309
0.151635	0.0777559
0.151635	0.0765053
0.151636	0.0771701
0.151637	0.0761429
0.151638	0.077482
0.151638	0.0742567
0.151638	0.075155
0.151639	0.076908
0.15164	0.0752869
0.15164	0.0745003
0.15164	0.07837
0.151641	0.0754253
0.151641	0.077913
0.151641	0.0778755
0.151642	0.0785636
0.151642	0.0762856
0.151643	0.0750098
0.151643	0.0780959
0.151645	0.0759424
0.151654	0.0748601
0.151654	0.0756439
0.151656	0.0787022
0.15187	0.125438
0.152287	0.321047
0.152295	0.329437
0.152297	0.327907
0.152302	0.330857
0.152303	0.330212
0.152305	0.329869
0.152307	0.328676
0.152307	0.327347
0.152307	0.32919
0.152309	0.330626
0.152309	0.329695
0.15231	0.328446
0.15231	0.328127
0.15231	0.328673
0.152312	0.329286
0.152312	0.329068
0.152313	0.328913
0.152313	0.328263
0.152313	0.32719
0.152314	0.330843
0.152314	0.330074
0.152315	0.330221
0.152315	0.33106
0.152316	0.327648
0.152316	0.327773
0.152318	0.331434
0.152319	0.331317
0.152321	0.329517
0.152321	0.330667
0.152321	0.327377
0.152323	0.330539
0.152326	0.327953
0.152446	0.305401
0.152933	0.275513
0.152972	0.290167
0.152974	0.29123
0.152974	0.290793
0.152977	0.288403
0.152979	0.288302
0.152979	0.290513
0.152981	0.288869
0.152982	0.288688
0.152982	0.289983
0.152983	0.288115
0.152983	0.289557
0.152983	0.291428
0.152983	0.290857
0.152984	0.290646
0.152986	0.289644
0.152986	0.29183
0.152987	0.289739
0.152987	0.291467
0.152987	0.29199
0.152988	0.291998
0.152988	0.290303
0.152988	0.289266
0.152988	0.291615
0.152989	0.287956
0.152989	0.29038
0.15299	0.289008
0.152991	0.29107
0.152991	0.28867
0.152991	0.289311
0.152992	0.288066
0.152993	0.28987
0.153077	0.240997
0.153522	0.0125931
0.15365	-0.0186595
0.153651	-0.016957
0.153655	-0.0182528
0.153656	-0.0169236
0.153657	-0.0176066
0.153657	-0.0177483
0.153657	-0.0165566
0.153658	-0.0157506
0.153658	-0.0162889
0.153659	-0.0161197
0.15366	-0.0172183
0.15366	-0.0174364
0.15366	-0.0173161
0.15366	-0.0193473
0.153661	-0.0184195
0.153661	-0.0167417
0.153662	-0.0185493
0.153662	-0.0163585
0.153663	-0.0182571
0.153664	-0.0189135
0.153665	-0.0190006
0.153665	-0.0180687
0.153666	-0.019633
0.153667	-0.0166153
0.153667	-0.0179199
0.153671	-0.0187219
0.153671	-0.0158355
0.153673	-0.0158971
0.153675	-0.0194716
0.153677	-0.0175883
0.153678	-0.0194412
0.153705	-0.00523153
0.154109	0.0894158
0.154326	0.208316
0.154329	0.207315
0.154329	0.209114
0.154329	0.209695
0.154331	0.207961
0.154331	0.20722
0.154331	0.208689
0.154332	0.209774
0.154332	0.206673
0.154332	0.209394
0.154333	0.207714
0.154335	0.206829
0.154336	0.208244
0.154336	0.209074
0.154336	0.208481
0.154337	0.20934
0.154337	0.208103
0.154337	0.209301
0.154338	0.20795
0.154339	0.209578
0.15434	0.207606
0.15434	0.207431
0.154341	0.208518
0.154343	0.208875
0.154345	0.209904
0.154345	0.207108
0.154345	0.208706
0.154346	0.207676
0.154347	0.206967
0.154347	0.210063
0.154352	0.206615
0.154353	0.210245
0.154704	0.113741
0.154988	0.110597
0.154998	0.112779
0.154998	0.110895
0.155002	0.113244
0.155004	0.111902
0.155004	0.111239
0.155004	0.111445
0.155007	0.11288
0.155008	0.110505
0.155008	0.111997
0.15501	0.113688
0.155011	0.111602
0.155011	0.112065
0.155012	0.111086
0.155012	0.112539
0.155014	0.112153
0.155015	0.11081
0.155015	0.112423
0.155015	0.112643
0.155016	0.113859
0.155017	0.114016
0.155017	0.113746
0.155018	0.112482
0.155019	0.11312
0.15502	0.111009
0.15502	0.113095
0.15502	0.11323
0.155021	0.111767
0.155022	0.111128
0.155025	0.113536
0.155026	0.113485
0.155029	0.111537
0.155258	-0.0446506
0.155667	-0.181832
0.155673	-0.187715
0.155673	-0.189942
0.155678	-0.187476
0.155681	-0.189152
0.155681	-0.188235
0.155683	-0.187589
0.155683	-0.187405
0.155685	-0.189025
0.155685	-0.189771
0.155685	-0.186978
0.155685	-0.18736
0.155686	-0.188096
0.155686	-0.187088
0.155686	-0.188052
0.155687	-0.189591
0.155688	-0.188388
0.155688	-0.18939
0.155688	-0.187225
0.155689	-0.190114
0.15569	-0.188851
0.15569	-0.18978
0.155691	-0.18939
0.155695	-0.18799
0.155696	-0.18886
0.155696	-0.188369
0.155697	-0.189695
0.155697	-0.186865
0.155699	-0.18768
0.1557	-0.188641
0.155701	-0.189168
0.155705	-0.188643
0.15587	-0.238493
0.15628	-0.218545
0.156354	-0.214515
0.156355	-0.215405
0.156355	-0.216343
0.156355	-0.213718
0.156358	-0.214315
0.156358	-0.215845
0.156358	-0.214716
0.156358	-0.215885
0.156359	-0.216101
0.15636	-0.215524
0.15636	-0.214078
0.156362	-0.215143
0.156362	-0.214839
0.156363	-0.214719
0.156363	-0.213965
0.156364	-0.216477
0.156364	-0.214476
0.156364	-0.215211
0.156365	-0.216197
0.156365	-0.215865
0.156365	-0.213769
0.156365	-0.214072
0.156366	-0.214939
0.156367	-0.21648
0.156367	-0.215728
0.156368	-0.21547
0.156368	-0.215187
0.156368	-0.214287
0.156369	-0.21552
0.15637	-0.213582
0.156374	-0.214003
0.15647	-0.208884
0.156885	-0.0385779
0.157029	0.0326621
0.15703	0.0321181
0.15703	0.030816
0.15703	0.0305989
0.157031	0.0304401
0.157031	0.0328641
0.157033	0.0320486
0.157033	0.0313431
0.157034	0.0310299
0.157035	0.0308653
0.157035	0.0309123
0.157035	0.0322427
0.157037	0.032486
0.157038	0.0328022
0.157039	0.0326999
0.157039	0.0314605
0.157039	0.031065
0.15704	0.0317182
0.15704	0.0312666
0.157041	0.0316816
0.157041	0.0324415
0.157042	0.0314739
0.157042	0.0319379
0.157044	0.0322911
0.157044	0.0302484
0.157044	0.0316468
0.157045	0.0321883
0.157046	0.0320072
0.157046	0.0306274
0.157047	0.0329804
0.157051	0.0304138
0.157098	0.0122037
0.157483	0.0221763
0.157697	0.0621478
0.157699	0.0610527
0.157701	0.0630406
0.157702	0.0615081
0.157704	0.0611471
0.157704	0.0606692
0.157704	0.0614256
0.157705	0.0631334
0.157706	0.0628007
0.157707	0.0632243
0.157707	0.0618663
0.157708	0.0617264
0.157708	0.0625418
0.157709	0.0616218
0.157712	0.0620934
0.157712	0.0626799
0.157713	0.0620047
0.157713	0.0613551
0.157713	0.0626201
0.157713	0.0607
0.157714	0.0614199
0.157715	0.0622968
0.157715	0.0623962
0.157717	0.0622917
0.157718	0.0628353
0.157718	0.0617148
0.15772	0.06088
0.157721	0.0609374
0.157721	0.0619517
0.157721	0.0630447
0.157732	0.0610596
0.157742	0.0428935
0.158057	-0.101767
0.158379	-0.202597
0.158381	-0.20349
0.158382	-0.202476
0.158384	-0.203157
0.158384	-0.203024
0.158384	-0.203883
0.158385	-0.203414
0.158386	-0.203441
0.158386	-0.202749
0.158387	-0.204002
0.158387	-0.204295
0.158388	-0.203814
0.158389	-0.204133
0.158389	-0.204055
0.158389	-0.204224
0.158389	-0.20321
0.158389	-0.202449
0.158389	-0.20288
0.158391	-0.204524
0.158391	-0.202893
0.158391	-0.202546
0.158392	-0.203836
0.158393	-0.204473
0.158393	-0.204127
0.158393	-0.204163
0.158394	-0.203494
0.158394	-0.202697
0.158398	-0.203655
0.158398	-0.203169
0.158399	-0.202865
0.1584	-0.203095
0.158412	-0.20444
0.158648	-0.155825
0.15902	0.0226631
0.159049	0.0378355
0.159049	0.0359098
0.159051	0.0370327
0.159053	0.0367386
0.159054	0.0374521
0.159054	0.0362372
0.159055	0.0377911
0.159056	0.0372997
0.159056	0.0376149
0.159057	0.0372677
0.159058	0.0375994
0.159059	0.0374943
0.159059	0.0368797
0.159062	0.0365967
0.159062	0.0370682
0.159063	0.0365883
0.159063	0.0378464
0.159063	0.0380258
0.159063	0.0361244
0.159063	0.0368455
0.159063	0.0374727
0.159064	0.0363165
0.159064	0.036284
0.159065	0.0363584
0.159067	0.0366226
0.159067	0.0373099
0.159068	0.0368337
0.159072	0.0370726
0.159073	0.0378364
0.159073	0.0380981
0.159075	0.0364789
0.159237	-0.0164999
0.159638	0.00389096
0.159729	0.00238419
0.159731	0.00267984
0.159732	0.00277775
0.159733	0.00292153
0.159733	0.00186764
0.159733	0.00332118
0.159733	0.0027913
0.159734	0.00215337
0.159735	0.00214161
0.159736	0.00320345
0.159736	0.00172644
0.159736	0.00171627
0.159737	0.00327793
0.159737	0.00246344
0.159737	0.00146712
0.159738	0.00264013
0.159739	0.00249376
0.159739	0.0033743
0.15974	0.00309776
0.159741	0.00237281
0.159741	0.0031749
0.159743	0.00281046
0.159744	0.00190275
0.159744	0.00167407
0.159745	0.00193646
0.159745	0.00148313
0.159745	0.00168909
0.159747	0.00207017
0.159748	0.00259588
0.15975	0.00212835
0.15975	0.00298586
0.159859	-0.0773046
0.160247	-0.200617
0.160402	-0.270537
0.160403	-0.270622
0.160404	-0.270763
0.160404	-0.269883
0.160406	-0.270187
0.160407	-0.27073
0.160408	-0.271416
0.160409	-0.271425
0.16041	-0.270931
0.16041	-0.271038
0.16041	-0.270868
0.16041	-0.271663
0.160411	-0.270275
0.160412	-0.271487
0.160412	-0.270263
0.160414	-0.270638
0.160414	-0.271448
0.160414	-0.27105
0.160414	-0.270885
0.160414	-0.270334
0.160414	-0.271069
0.160415	-0.2713
0.160416	-0.270048
0.160417	-0.271308
0.160418	-0.27056
0.160418	-0.270604
0.16042	-0.269982
0.160421	-0.270145
0.160422	-0.271045
0.160423	-0.270367
0.160425	-0.271251
0.160479	-0.276463
0.160856	-0.143772
0.161071	-0.0553428
0.161077	-0.0550496
0.161078	-0.055754
0.16108	-0.0557834
0.16108	-0.0544311
0.161082	-0.054486
0.161082	-0.0554149
0.161082	-0.054902
0.161083	-0.0555858
0.161083	-0.054636
0.161085	-0.0557557
0.161085	-0.0555203
0.161086	-0.0545604
0.161087	-0.0545024
0.161087	-0.0551775
0.161089	-0.0548529
0.161089	-0.0556775
0.161089	-0.0552225
0.16109	-0.0555366
0.161093	-0.0558556
0.161093	-0.0549629
0.161093	-0.0551512
0.161094	-0.0553263
0.161094	-0.0548664
0.161094	-0.0546928
0.161094	-0.0547172
0.161097	-0.0549347
0.161097	-0.0552494
0.161097	-0.0554758
0.161102	-0.0549332
0.161102	-0.0550901
0.161119	-0.0743775
0.161425	-0.100843
0.161746	-0.124742
0.161753	-0.125249
0.161753	-0.12539
0.161755	-0.125716
0.161756	-0.125126
0.161757	-0.124897
0.161758	-0.12506
0.161758	-0.125047
0.161758	-0.125684
0.161759	-0.124787
0.16176	-0.125269
0.161761	-0.125346
0.161763	-0.125195
0.161764	-0.125485
0.161764	-0.12505
0.161764	-0.124746
0.161764	-0.12564
0.161765	-0.125461
0.161766	-0.125462
0.161766	-0.124627
0.161766	-0.124591
0.161766	-0.1252
0.161767	-0.124837
0.161769	-0.125391
0.161769	-0.12462
0.161769	-0.125237
0.16177	-0.124838
0.161771	-0.125017
0.161772	-0.124898
0.161772	-0.130465
0.161774	-0.125627
0.161776	-0.125473
0.162014	-0.237085
0.162379	-0.374629
0.162427	-0.396982
0.162428	-0.397214
0.162429	-0.397118
0.16243	-0.396937
0.162431	-0.39725
0.162432	-0.396334
0.162432	-0.396914
0.162433	-0.39643
0.162434	-0.396552
0.162435	-0.396514
0.162435	-0.396898
0.162436	-0.396916
0.162437	-0.397163
0.162438	-0.396624
0.162438	-0.396761
0.162438	-0.396855
0.162438	-0.396812
0.162439	-0.396634
0.162441	-0.397003
0.162442	-0.39706
0.162442	-0.396727
0.162444	-0.39655
0.162444	-0.397033
0.162444	-0.396859
0.162444	-0.396831
0.162445	-0.396684
0.162446	-0.396726
0.162446	-0.396913
0.162446	-0.396589
0.162456	-0.397351
0.162464	-0.397166
0.162621	-0.361673
0.163001	-0.327113
0.163099	-0.331051
0.163099	-0.330699
0.163099	-0.330934
0.163101	-0.330791
0.163106	-0.330631
0.163107	-0.33092
0.163107	-0.330844
0.163107	-0.33074
0.163108	-0.330999
0.163108	-0.330787
0.163108	-0.331007
0.163109	-0.330911
0.16311	-0.330803
0.163113	-0.331193
0.163113	-0.330745
0.163114	-0.330818
0.163114	-0.331132
0.163114	-0.33104
0.163115	-0.331076
0.163115	-0.330886
0.163115	-0.330709
0.163116	-0.331109
0.163116	-0.330772
0.16312	-0.330758
0.163122	-0.330976
0.163123	-0.33091
0.163123	-0.330744
0.163126	-0.330946
0.163127	-0.331011
0.163129	-0.331089
0.163132	-0.330965
0.163227	-0.346671
0.163588	-0.302215
0.163779	-0.240124
0.163781	-0.240291
0.163783	-0.240333
0.163783	-0.240308
0.163783	-0.240145
0.163783	-0.240457
0.163785	-0.240288
0.163787	-0.240371
0.163788	-0.240317
0.163789	-0.240365
0.163789	-0.240454
0.163789	-0.240376
0.163789	-0.240267
0.163789	-0.240372
0.16379	-0.240172
0.16379	-0.240296
0.163791	-0.240402
0.163791	-0.240413
0.163792	-0.240449
0.163792	-0.24042
0.163792	-0.240416
0.163793	-0.240342
0.163794	-0.240338
0.163794	-0.240185
0.163795	-0.240472
0.163796	-0.24039
0.163796	-0.240242
0.163797	-0.240192
0.163799	-0.240338
0.1638	-0.240142
0.163803	-0.240283
0.163866	-0.260231
0.164177	-0.337859
0.164446	-0.332145
0.164448	-0.332276
0.164451	-0.332152
0.164457	-0.332205
0.164457	-0.332169
0.164459	-0.332267
0.164461	-0.332197
0.164462	-0.332254
0.164462	-0.332285
0.164463	-0.332353
0.164463	-0.332135
0.164464	-0.332204
0.164464	-0.332195
0.164465	-0.332297
0.164465	-0.332179
0.164466	-0.332205
0.164467	-0.332289
0.164467	-0.332222
0.164467	-0.332135
0.164467	-0.332162
0.164468	-0.332248
0.164468	-0.332301
0.164469	-0.332113
0.164469	-0.332312
0.164471	-0.332309
0.164474	-0.33215
0.164474	-0.332238
0.164476	-0.332218
0.164476	-0.332177
0.164481	-0.332222
0.164482	-0.332297
0.164492	-0.326787
0.164784	-0.351808
0.16512	-0.476053
0.165123	-0.485985
0.165124	-0.486328
0.165126	-0.486014
0.165131	-0.486186
0.165131	-0.486307
0.165131	-0.48624
0.165132	-0.486251
0.165132	-0.48593
0.165133	-0.486085
0.165133	-0.486165
0.165139	-0.486293
0.165139	-0.486137
0.16514	-0.486352
0.16514	-0.486309
0.16514	-0.486132
0.165141	-0.486045
0.165141	-0.486287
0.165142	-0.486152
0.165143	-0.486272
0.165144	-0.486216
0.165147	-0.486111
0.165147	-0.486105
0.165148	-0.485982
0.165149	-0.486421
0.16515	-0.486184
0.165151	-0.486222
0.165152	-0.486032
0.165152	-0.48615
0.165153	-0.483115
0.165156	-0.486394
0.165163	-0.486035
0.165392	-0.38329
0.165734	-0.287942
0.165804	-0.262951
0.165805	-0.263346
0.165806	-0.262949
0.165806	-0.263364
0.165808	-0.262898
0.165808	-0.262736
0.165809	-0.263492
0.16581	-0.263095
0.165811	-0.262809
0.165811	-0.263409
0.165811	-0.262735
0.165813	-0.263484
0.165813	-0.263025
0.165813	-0.262758
0.165814	-0.263106
0.165814	-0.263336
0.165814	-0.263335
0.165815	-0.263239
0.165815	-0.262771
0.165815	-0.263039
0.165817	-0.262847
0.165817	-0.262969
0.165818	-0.263168
0.165818	-0.263023
0.165818	-0.263169
0.165821	-0.26309
0.165821	-0.26357
0.165822	-0.263379
0.165823	-0.262728
0.165824	-0.263226
0.165826	-0.263341
0.166001	-0.235486
0.166336	-0.272076
0.166475	-0.275582
0.166481	-0.275665
0.166483	-0.274709
0.166483	-0.275432
0.166483	-0.275254
0.166484	-0.275802
0.166484	-0.275052
0.166484	-0.274964
0.166485	-0.274921
0.166487	-0.275404
0.166487	-0.275093
0.166488	-0.275798
0.16649	-0.274987
0.166491	-0.275797
0.166492	-0.275537
0.166492	-0.275996
0.166492	-0.275144
0.166492	-0.275516
0.166493	-0.275986
0.166493	-0.275254
0.166495	-0.275382
0.166497	-0.275168
0.166497	-0.275148
0.166497	-0.275493
0.166497	-0.276043
0.166497	-0.275201
0.166501	-0.275519
0.166504	-0.274819
0.166504	-0.274949
0.166504	-0.275913
0.166508	-0.275754
0.166607	-0.278241
0.166927	-0.429586
0.167153	-0.518069
0.167153	-0.518021
0.167154	-0.517323
0.167154	-0.517426
0.167156	-0.516801
0.167156	-0.516976
0.167159	-0.517335
0.167161	-0.517681
0.167161	-0.517066
0.167162	-0.518026
0.167163	-0.517365
0.167163	-0.516977
0.167164	-0.517843
0.167164	-0.516705
0.167165	-0.516705
0.167166	-0.517164
0.167166	-0.517041
0.167166	-0.517821
0.167167	-0.517983
0.167168	-0.517605
0.167169	-0.516681
0.167169	-0.517498
0.16717	-0.517513
0.167171	-0.517274
0.167172	-0.517994
0.167174	-0.517128
0.167175	-0.516745
0.167179	-0.517494
0.16718	-0.518242
0.167182	-0.517978
0.167182	-0.517629
0.16722	-0.475345
0.167543	-0.386378
0.167827	-0.313942
0.167828	-0.312797
0.16783	-0.314487
0.16783	-0.313611
0.167832	-0.312522
0.167835	-0.313216
0.167835	-0.312961
0.167837	-0.314227
0.167837	-0.314022
0.167838	-0.31247
0.16784	-0.313863
0.16784	-0.313663
0.167842	-0.31274
0.167842	-0.313121
0.167842	-0.314111
0.167842	-0.313469
0.167843	-0.313254
0.167845	-0.312703
0.167845	-0.313416
0.167845	-0.313546
0.167847	-0.313063
0.167847	-0.312971
0.167848	-0.312819
0.167848	-0.313723
0.167848	-0.312749
0.167851	-0.313567
0.167851	-0.314229
0.167853	-0.313386
0.167854	-0.313968
0.167859	-0.313841
0.16786	-0.304344
0.167862	-0.312856
0.168126	-0.300357
0.16848	-0.350135
0.168506	-0.352479
0.168507	-0.353558
0.168508	-0.352405
0.16851	-0.353394
0.168511	-0.352378
0.168511	-0.353034
0.168512	-0.353775
0.168512	-0.352172
0.168513	-0.35392
0.168514	-0.352753
0.168514	-0.352752
0.168515	-0.352807
0.168515	-0.353122
0.168517	-0.3526
0.168517	-0.353647
0.168518	-0.353306
0.168519	-0.353916
0.168519	-0.352008
0.168519	-0.35248
0.16852	-0.353269
0.16852	-0.352736
0.16852	-0.353139
0.16852	-0.353584
0.168521	-0.353283
0.168524	-0.353644
0.168525	-0.353567
0.168526	-0.353503
0.168527	-0.352332
0.168527	-0.352115
0.168532	-0.3523
0.168535	-0.353026
0.168744	-0.386765
0.169108	-0.568078
0.169171	-0.608964
0.169175	-0.610783
0.169177	-0.610573
0.16918	-0.610655
0.169182	-0.60891
0.169184	-0.610213
0.169186	-0.60927
0.169186	-0.609185
0.169186	-0.609841
0.169187	-0.608858
0.169187	-0.60983
0.169188	-0.609639
0.169188	-0.610589
0.169189	-0.610414
0.169191	-0.609394
0.169192	-0.609815
0.169193	-0.610901
0.169193	-0.610522
0.169194	-0.611033
0.169195	-0.609426
0.169196	-0.610245
0.169198	-0.610983
0.169198	-0.610306
0.169199	-0.609447
0.169202	-0.609782
0.169203	-0.609983
0.169205	-0.609104
0.169205	-0.609656
0.169205	-0.610093
0.169206	-0.610062
0.169212	-0.609015
0.169329	-0.525749
0.169691	-0.460841
0.169851	-0.420846
0.169854	-0.42226
0.169855	-0.422171
0.169857	-0.421281
0.169859	-0.422314
0.169861	-0.420649
0.169861	-0.422909
0.169861	-0.42071
0.169863	-0.422699
0.169863	-0.420888
0.169864	-0.42199
0.169864	-0.422706
0.169865	-0.421362
0.169866	-0.421331
0.169866	-0.421558
0.169866	-0.422964
0.169866	-0.421492
0.169868	-0.420926
0.169868	-0.422612
0.169869	-0.422544
0.169871	-0.421114
0.169872	-0.422041
0.169872	-0.421824
0.169873	-0.421144
0.169873	-0.42189
0.169874	-0.422317
0.169874	-0.42262
0.169876	-0.421746
0.169877	-0.421923
0.169884	-0.42163
0.169889	-0.420855
0.16995	-0.406763
0.170273	-0.453692
0.170529	-0.507026
0.170529	-0.508261
0.170531	-0.50914
0.170531	-0.507481
0.170535	-0.50801
0.170537	-0.507957
0.170537	-0.508781
0.170537	-0.509029
0.170539	-0.50763
0.17054	-0.508707
0.170542	-0.508208
0.170542	-0.508236
0.170542	-0.508917
0.170542	-0.507891
0.170543	-0.50733
0.170544	-0.507968
0.170544	-0.508689
0.170545	-0.508948
0.170546	-0.50832
0.170548	-0.507129
0.170548	-0.508772
0.170549	-0.507717
0.170549	-0.50724
0.170549	-0.506316
0.170549	-0.509275
0.17055	-0.507574
0.170551	-0.508527
0.170553	-0.507258
0.170554	-0.509195
0.170556	-0.507479
0.170563	-0.509457
0.170581	-0.513101
0.170878	-0.595523
0.171198	-0.759285
0.171204	-0.75077
0.171207	-0.759004
0.17121	-0.760773
0.171212	-0.7592
0.171212	-0.758442
0.171212	-0.759889
0.171212	-0.75884
0.171213	-0.760484
0.171213	-0.759759
0.171215	-0.760399
0.171215	-0.76008
0.171215	-0.759636
0.171216	-0.759742
0.171216	-0.759446
0.171218	-0.759091
0.17122	-0.75875
0.17122	-0.760462
0.171222	-0.758607
0.171225	-0.760591
0.171225	-0.75909
0.171227	-0.760393
0.171227	-0.760831
0.171228	-0.75946
0.171229	-0.760054
0.171229	-0.758952
0.17123	-0.760295
0.171231	-0.758921
0.171231	-0.76017
0.171232	-0.759211
0.171233	-0.759616
0.171237	-0.761034
0.171497	-0.719568
0.171829	-0.770745
0.171876	-0.775538
0.171881	-0.775263
0.171882	-0.776715
0.171883	-0.776842
0.171884	-0.776244
0.171891	-0.776509
0.171892	-0.777095
0.171892	-0.777766
0.171893	-0.777445
0.171893	-0.776428
0.171895	-0.777636
0.171895	-0.775484
0.171895	-0.775568
0.171896	-0.777016
0.171896	-0.775778
0.171897	-0.77704
0.171898	-0.775668
0.171898	-0.777869
0.171898	-0.776701
0.171899	-0.776211
0.1719	-0.775267
0.1719	-0.776673
0.171901	-0.777436
0.171901	-0.776516
0.171902	-0.776348
0.171902	-0.777501
0.171905	-0.776058
0.171906	-0.777269
0.171906	-0.775968
0.171908	-0.775843
0.171909	-0.776221
0.172097	-0.684171
0.17244	-0.595552
0.172547	-0.570526
0.172555	-0.572667
0.17256	-0.572341
0.172562	-0.571054
0.172565	-0.572109
0.172565	-0.57123
0.172565	-0.570986
0.172566	-0.571971
0.172566	-0.571501
0.172567	-0.57184
0.172567	-0.570769
0.172568	-0.571635
0.172568	-0.572875
0.172569	-0.572046
0.172569	-0.571379
0.172569	-0.570745
0.172572	-0.572568
0.172572	-0.571605
0.172572	-0.57283
0.172572	-0.573086
0.172573	-0.57224
0.172574	-0.57172
0.172576	-0.571905
0.172577	-0.572237
0.172577	-0.571351
0.17258	-0.572594
0.172581	-0.5726
0.172581	-0.57105
0.172583	-0.572975
0.172583	-0.570737
0.172584	-0.573125
0.172683	-0.552897
0.173035	-0.535283
0.173224	-0.562485
0.173225	-0.562405
0.173226	-0.560857
0.173229	-0.56126
0.173234	-0.562185
0.173236	-0.562858
0.173237	-0.562428
0.17324	-0.561814
0.173243	-0.560372
0.173244	-0.56212
0.173244	-0.561734
0.173244	-0.562479
0.173245	-0.562083
0.173245	-0.561435
0.173245	-0.560573
0.173245	-0.561395
0.173246	-0.561175
0.173247	-0.560858
0.173248	-0.560772
0.173249	-0.561975
0.173249	-0.561656
0.173251	-0.562627
0.173251	-0.560594
0.173252	-0.562985
0.173254	-0.561659
0.173255	-0.562285
0.173255	-0.56087
0.173255	-0.560751
0.173256	-0.561652
0.173258	-0.56123
0.17327	-0.562897
0.173312	-0.579142
0.173624	-0.647619
0.173907	-0.781439
0.173911	-0.782263
0.173912	-0.782033
0.173913	-0.78297
0.173914	-0.782744
0.173914	-0.783168
0.173914	-0.783132
0.173915	-0.782474
0.173917	-0.781436
0.173917	-0.78325
0.173917	-0.783585
0.173917	-0.780177
0.173918	-0.782145
0.173919	-0.783585
0.173919	-0.782473
0.173919	-0.781847
0.173919	-0.782414
0.17392	-0.782662
0.17392	-0.78376
0.173924	-0.781962
0.173924	-0.783386
0.173924	-0.783781
0.173927	-0.782586
0.173927	-0.782797
0.173928	-0.781894
0.173929	-0.782941
0.173929	-0.781603
0.173929	-0.777784
0.17393	-0.781638
0.173935	-0.783665
0.173935	-0.782123
0.173939	-0.783178
0.174224	-0.654915
0.174566	-0.594693
0.174578	-0.587138
0.17458	-0.588699
0.174582	-0.588112
0.174583	-0.589024
0.174584	-0.587328
0.174585	-0.588841
0.174588	-0.587964
0.174588	-0.586918
0.17459	-0.588888
0.174591	-0.587768
0.174591	-0.588636
0.174592	-0.58835
0.174593	-0.589447
0.174593	-0.588459
0.174594	-0.587836
0.174595	-0.589139
0.174595	-0.589768
0.174595	-0.58701
0.174596	-0.588633
0.174597	-0.587966
0.174597	-0.587117
0.174599	-0.588375
0.174599	-0.588127
0.174599	-0.588418
0.1746	-0.587318
0.174601	-0.589124
0.174602	-0.58781
0.174603	-0.587378
0.174604	-0.587468
0.174604	-0.587651
0.174616	-0.589367
0.174832	-0.57553
0.175178	-0.607005
0.175254	-0.626892
0.175257	-0.626699
0.17526	-0.627025
0.175262	-0.628195
0.175266	-0.628904
0.175266	-0.628292
0.175267	-0.62797
0.175267	-0.627843
0.175267	-0.627918
0.175268	-0.628418
0.175268	-0.628756
0.175268	-0.628626
0.175268	-0.628505
0.175268	-0.626622
0.175268	-0.628819
0.17527	-0.627211
0.17527	-0.627813
0.175271	-0.627597
0.175271	-0.626515
0.175271	-0.626446
0.175271	-0.627428
0.175272	-0.62754
0.175272	-0.628298
0.175272	-0.627029
0.175273	-0.626487
0.175276	-0.627524
0.175279	-0.628659
0.17528	-0.627236
0.175285	-0.628185
0.175287	-0.627544
0.175289	-0.62695
0.175403	-0.672892
0.175792	-0.771249
0.175932	-0.858208
0.175937	-0.856723
0.17594	-0.858652
0.175941	-0.858151
0.175943	-0.858519
0.175944	-0.85775
0.175944	-0.857483
0.175944	-0.857124
0.175944	-0.857942
0.175945	-0.857238
0.175946	-0.857703
0.175946	-0.856971
0.175947	-0.856625
0.175948	-0.858042
0.175948	-0.858501
0.175949	-0.856482
0.175949	-0.856238
0.175949	-0.85837
0.175951	-0.858019
0.175951	-0.856168
0.175952	-0.858697
0.175953	-0.856662
0.175953	-0.857874
0.175953	-0.856997
0.175955	-0.857499
0.175957	-0.856911
0.175959	-0.856505
0.17596	-0.85754
0.175962	-0.856637
0.175962	-0.857494
0.175963	-0.857239
0.176021	-0.834349
0.176373	-0.713153
0.176604	-0.683914
0.176611	-0.684091
0.176612	-0.685685
0.176613	-0.684819
0.176613	-0.684458
0.176617	-0.685449
0.176617	-0.685363
0.176617	-0.685926
0.176619	-0.683689
0.17662	-0.685153
0.176621	-0.685242
0.176622	-0.685242
0.176622	-0.685678
0.176623	-0.684218
0.176624	-0.685008
0.176625	-0.683799
0.176627	-0.685837
0.176628	-0.684723
0.176628	-0.684427
0.176628	-0.683944
0.176629	-0.685773
0.17663	-0.684471
0.17663	-0.684364
0.17663	-0.685046
0.176631	-0.685585
0.176633	-0.684899
0.176636	-0.683867
0.176636	-0.68408
0.176636	-0.686118
0.176638	-0.683384
0.176639	-0.685047
0.17665	-0.688957
0.176962	-0.690767
0.177282	-0.761657
0.177285	-0.763488
0.177286	-0.763637
0.177287	-0.761422
0.177288	-0.764805
0.17729	-0.761945
0.177291	-0.762404
0.177293	-0.761618
0.177294	-0.763089
0.177294	-0.762675
0.177295	-0.762241
0.177296	-0.761974
0.177296	-0.762398
0.177297	-0.763469
0.177297	-0.762115
0.177299	-0.76326
0.177299	-0.756679
0.177299	-0.763038
0.1773	-0.762913
0.1773	-0.761667
0.177301	-0.763602
0.177301	-0.762729
0.177301	-0.762056
0.177301	-0.763439
0.177302	-0.761855
0.177303	-0.762408
0.177305	-0.762983
0.177309	-0.762785
0.177309	-0.762573
0.177311	-0.763285
0.177312	-0.761353
0.177314	-0.761515
0.177568	-0.836446
0.177918	-0.952396
0.177955	-0.993387
0.17796	-0.991868
0.17796	-0.992708
0.177963	-0.992644
0.177964	-0.993457
0.177964	-0.991526
0.177965	-0.992985
0.177967	-0.992905
0.177968	-0.993273
0.177968	-0.991067
0.177969	-0.991666
0.17797	-0.992403
0.177971	-0.993049
0.177974	-0.992634
0.177976	-0.99225
0.177976	-0.991323
0.177976	-0.99155
0.177976	-0.99292
0.177977	-0.992251
0.177977	-0.99184
0.177977	-0.992877
0.177978	-0.991725
0.177979	-0.993388
0.17798	-0.992077
0.17798	-0.991505
0.177981	-0.99375
0.177981	-0.993577
0.177982	-0.992239
0.177982	-0.993467
0.177987	-0.992487
0.177993	-0.992059
0.17816	-0.992106
0.178531	-0.974324
0.178632	-1.00428
0.178637	-1.00381
0.17864	-1.00434
0.178644	-1.00531
0.178644	-1.00503
0.178644	-1.00491
0.178645	-1.00404
0.178645	-1.00318
0.178646	-1.00351
0.178646	-1.00376
0.178646	-1.0034
0.178647	-1.00496
0.178647	-1.00541
0.178648	-1.00433
0.178648	-1.00468
0.178649	-1.00383
0.17865	-1.00392
0.178651	-1.00495
0.178651	-1.00566
0.178652	-1.00414
0.178652	-1.00561
0.178653	-1.00358
0.178653	-1.00468
0.178655	-1.00438
0.178656	-1.00557
0.178656	-1.0042
0.178657	-1.00339
0.178658	-1.00529
0.178658	-1.0052
0.178659	-1.0046
0.17866	-1.00325
0.178751	-0.974
0.179116	-0.845404
0.179304	-0.816921
0.17931	-0.817098
0.179315	-0.81716
0.179318	-0.816958
0.179318	-0.818758
0.179319	-0.816736
0.179319	-0.818244
0.179321	-0.818559
0.179321	-0.81745
0.179322	-0.819015
0.179322	-0.818834
0.179322	-0.818043
0.179324	-0.817998
0.179325	-0.817872
0.179326	-0.818064
0.179328	-0.818242
0.179328	-0.817693
0.179329	-0.819131
0.179329	-0.818807
0.17933	-0.818148
0.17933	-0.817241
0.17933	-0.818367
0.179331	-0.817801
0.179331	-0.818931
0.179333	-0.818503
0.179333	-0.817798
0.179333	-0.8176
0.179336	-0.817119
0.179339	-0.819315
0.179342	-0.818687
0.179342	-0.817424
0.179373	-0.817247
0.179704	-0.781778
0.179972	-0.811238
0.179989	-0.81197
0.179989	-0.812304
0.179991	-0.813833
0.179991	-0.812098
0.179994	-0.813644
0.179994	-0.812121
0.179995	-0.813172
0.179996	-0.813893
0.179997	-0.812085
0.179997	-0.812279
0.179998	-0.812783
0.179999	-0.812874
0.179999	-0.813872
0.179999	-0.81164
0.179999	-0.812515
0.179999	-0.813327
0.179999	-0.813013
0.18	-0.813271
0.180001	-0.81351
0.180004	-0.813512
0.180005	-0.815705
0.180007	-0.813709
0.180007	-0.813184
0.180007	-0.812611
0.180008	-0.812579
0.180009	-0.811698
0.180009	-0.814023
0.18001	-0.813139
0.180011	-0.813003
0.180017	-0.812787
0.180024	-0.811945
0.180296	-0.888134
0.180639	-0.983611
0.180663	-1.01007
0.180668	-1.01005
0.18067	-1.01069
0.18067	-1.01139
0.18067	-1.01143
0.180671	-1.01093
0.180672	-1.01121
0.180672	-1.01073
0.180673	-1.01141
0.180673	-1.00982
0.180673	-1.01032
0.180673	-1.0115
0.180676	-1.01023
0.180676	-1.01082
0.180677	-1.01158
0.180678	-1.01104
0.180679	-1.01024
0.180679	-1.0098
0.18068	-1.00982
0.18068	-1.01194
0.180682	-1.0107
0.180682	-1.01116
0.180683	-1.0105
0.180684	-1.0105
0.180686	-1.01218
0.180687	-1.01188
0.180687	-1.01198
0.180687	-1.01134
0.180689	-1.01143
0.180689	-1.00997
0.180693	-1.01221
0.180871	-0.953309
0.18127	-0.835233
0.181336	-0.835411
0.181339	-0.835549
0.181343	-0.836099
0.181345	-0.835386
0.181346	-0.83472
0.181347	-0.83545
0.181347	-0.834282
0.18135	-0.834619
0.181351	-0.83626
0.181351	-0.835094
0.181352	-0.835477
0.181352	-0.834397
0.181352	-0.836562
0.181352	-0.835764
0.181352	-0.836074
0.181353	-0.83646
0.181354	-0.835235
0.181355	-0.834626
0.181356	-0.834367
0.181357	-0.834148
0.181359	-0.83605
0.181359	-0.835666
0.18136	-0.835017
0.18136	-0.836226
0.18136	-0.835317
0.181361	-0.835892
0.181363	-0.834609
0.181363	-0.83499
0.181365	-0.836554
0.181367	-0.835226
0.181374	-0.834947
0.181447	-0.836635
0.181866	-0.833868
0.18201	-0.869972
0.182011	-0.868041
0.182012	-0.869674
0.182016	-0.867991
0.182018	-0.869311
0.182022	-0.869201
0.182025	-0.869579
0.182025	-0.868372
0.182026	-0.868596
0.182026	-0.868797
0.182027	-0.868763
0.182027	-0.869032
0.182029	-0.868877
0.182029	-0.869645
0.182029	-0.868469
0.18203	-0.867842
0.18203	-0.869404
0.182032	-0.868356
0.182032	-0.867857
0.182033	-0.868431
0.182034	-0.869464
0.182034	-0.869811
0.182035	-0.86899
0.182035	-0.868493
0.182035	-0.869254
0.182036	-0.869491
0.182038	-0.868386
0.182039	-0.868759
0.18204	-0.870028
0.18204	-0.870074
0.182047	-0.86802
0.182061	-0.884703
0.182476	-0.975942
0.182694	-1.07329
0.182696	-1.07309
0.182697	-1.07496
0.182699	-1.07399
0.1827	-1.07357
0.1827	-1.07338
0.1827	-1.07516
0.1827	-1.07458
0.182701	-1.07522
0.182701	-1.07414
0.182701	-1.07468
0.182701	-1.07357
0.182701	-1.07437
0.182701	-1.07421
0.182702	-1.07486
0.182702	-1.07531
0.182703	-1.07324
0.182703	-1.07472
0.182704	-1.07449
0.182704	-1.0739
0.182704	-1.07505
0.182706	-1.07425
0.182706	-1.07387
0.182707	-1.07379
0.182708	-1.07459
0.182709	-1.07401
0.182709	-1.07385
0.18271	-1.07512
0.182711	-1.07374
0.182714	-1.07448
0.182717	-1.07387
0.182724	-1.07494
0.182996	-0.984928
0.183365	-0.924141
0.183367	-0.922922
0.183369	-0.915038
0.183372	-0.923077
0.183373	-0.923154
0.183373	-0.923851
0.183374	-0.922579
0.183375	-0.923769
0.183376	-0.923919
0.183376	-0.923927
0.183377	-0.923641
0.183378	-0.923463
0.183379	-0.923395
0.183379	-0.922857
0.183381	-0.924068
0.183381	-0.923634
0.183381	-0.922311
0.183381	-0.92264
0.183381	-0.922519
0.183382	-0.924118
0.183382	-0.923677
0.183382	-0.923063
0.183382	-0.923857
0.183383	-0.923509
0.183385	-0.922991
0.183386	-0.923927
0.183389	-0.923547
0.18339	-0.924243
0.183392	-0.923374
0.183393	-0.922988
0.183395	-0.92253
0.183398	-0.922826
0.183605	-0.936539
0.184001	-0.975463
0.184029	-0.999187
0.184035	-1.00087
0.184042	-1.00077
0.184043	-0.999447
0.184046	-1.00101
0.184047	-0.999686
0.184048	-1.00028
0.18405	-0.999969
0.184051	-0.999883
0.184053	-0.999796
0.184053	-1.00072
0.184053	-1.00064
0.184053	-0.999386
0.184055	-0.9999
0.184056	-1.00067
0.184056	-1.00111
0.184057	-1.00039
0.184057	-1.00008
0.184057	-1.00067
0.184057	-1.00069
0.184059	-1.00055
0.184059	-1.00101
0.18406	-1.00015
0.18406	-1.00026
0.18406	-0.999937
0.18406	-1.00071
0.184062	-1.00036
0.184066	-0.999657
0.184066	-0.999725
0.184072	-1.00016
0.184075	-1.00067
0.184195	-1.03507
0.184598	-1.15782
0.184712	-1.21426
0.18472	-1.21564
0.184721	-1.21505
0.184724	-1.21518
0.184724	-1.21574
0.184724	-1.21469
0.184725	-1.21415
0.184725	-1.21517
0.184726	-1.21471
0.184726	-1.21422
0.184728	-1.215
0.184729	-1.21583
0.184729	-1.2153
0.184729	-1.21472
0.184729	-1.21466
0.18473	-1.2154
0.184731	-1.2143
0.184733	-1.21484
0.184734	-1.21472
0.184735	-1.2146
0.184735	-1.21557
0.184736	-1.21559
0.184736	-1.21466
0.18474	-1.21498
0.184741	-1.21499
0.184742	-1.2152
0.184746	-1.21451
0.184747	-1.21573
0.184748	-1.21455
0.184749	-1.21566
0.184752	-1.21543
0.184782	-1.21388
0.185189	-1.21327
0.185387	-1.2289
0.185388	-1.22802
0.185391	-1.22877
0.1854	-1.22832
0.185401	-1.22853
0.185403	-1.22836
0.185403	-1.22805
0.185404	-1.22797
0.185406	-1.22826
0.185406	-1.22913
0.185407	-1.22837
0.185407	-1.2287
0.185407	-1.22904
0.185409	-1.22869
0.18541	-1.22891
0.18541	-1.2282
0.185411	-1.22864
0.185411	-1.22803
0.185411	-1.22873
0.185413	-1.22856
0.185415	-1.22792
0.185416	-1.22833
0.185416	-1.22878
0.185418	-1.22832
0.185419	-1.22905
0.185419	-1.22806
0.18542	-1.22877
0.185421	-1.2282
0.185422	-1.22816
0.185422	-1.22809
0.185422	-1.22725
0.185428	-1.22898
0.185765	-1.12778
0.186066	-1.06299
0.186067	-1.06615
0.186071	-1.06603
0.186072	-1.06633
0.186072	-1.06627
0.186073	-1.06572
0.186076	-1.06638
0.186077	-1.0661
0.186077	-1.06596
0.186079	-1.06604
0.186082	-1.06624
0.186082	-1.066
0.186085	-1.06604
0.186085	-1.06645
0.186086	-1.06586
0.186086	-1.06622
0.186087	-1.06611
0.186087	-1.0665
0.186087	-1.06621
0.186087	-1.06627
0.186087	-1.06603
0.186088	-1.06593
0.186088	-1.06611
0.186089	-1.06625
0.186093	-1.06578
0.186095	-1.06635
0.186096	-1.06623
0.186096	-1.06601
0.186099	-1.06621
0.186099	-1.0661
0.186104	-1.06602
0.186104	-1.06589
0.186315	-1.04989
0.186714	-1.06772
0.18673	-1.07073
0.18675	-1.07066
0.18675	-1.07079
0.186751	-1.0707
0.186752	-1.07069
0.186753	-1.07073
0.186753	-1.07073
0.186754	-1.07071
0.186754	-1.07092
0.186754	-1.07085
0.186755	-1.07082
0.186756	-1.07062
0.186757	-1.07067
0.186759	-1.07074
0.18676	-1.07092
0.18676	-1.07087
0.186761	-1.07072
0.186762	-1.07076
0.186762	-1.07074
0.186763	-1.07072
0.186763	-1.07078
0.186764	-1.0709
0.186764	-1.07075
0.186766	-1.07087
0.186768	-1.07083
0.186772	-1.07076
0.186772	-1.0709
0.186772	-1.07096
0.186775	-1.07079
0.186777	-1.07102
0.186784	-1.07086
0.186904	-1.09641
0.18735	-1.23408
0.187415	-1.26063
0.187418	-1.25996
0.187422	-1.26002
0.187423	-1.26089
0.187423	-1.25996
0.187424	-1.26013
0.187425	-1.25983
0.187426	-1.26044
0.187426	-1.26094
0.187429	-1.26043
0.18743	-1.26089
0.187432	-1.26079
0.187433	-1.26068
0.187433	-1.26013
0.187434	-1.25984
0.187434	-1.26026
0.187434	-1.26012
0.187436	-1.26038
0.187437	-1.25974
0.187437	-1.26095
0.187438	-1.25988
0.187439	-1.26063
0.18744	-1.26059
0.18744	-1.26053
0.187442	-1.25979
0.187442	-1.26043
0.187444	-1.26067
0.187445	-1.26091
0.187446	-1.26022
0.187448	-1.25997
0.187452	-1.26041
0.187503	-1.23575
0.187904	-1.14728
0.188087	-1.11658
0.188091	-1.11536
0.188091	-1.11623
0.188097	-1.11426
0.1881	-1.11459
0.1881	-1.11663
0.188101	-1.11636
0.188103	-1.11611
0.188103	-1.11531
0.188103	-1.11582
0.188103	-1.11495
0.188104	-1.11566
0.188105	-1.11476
0.188106	-1.11509
0.188106	-1.11559
0.188106	-1.11607
0.188106	-1.11623
0.188107	-1.11405
0.188112	-1.11498
0.188113	-1.11499
0.188113	-1.11536
0.188115	-1.11592
0.188115	-1.11572
0.188116	-1.11498
0.188117	-1.11466
0.188119	-1.11543
0.188121	-1.1145
0.188123	-1.11619
0.188123	-1.1156
0.188124	-1.11668
0.188125	-1.11443
0.188137	-1.1171
0.188493	-1.10585
0.188765	-1.13404
0.188776	-1.13553
0.188778	-1.13387
0.18878	-1.13465
0.188781	-1.13622
0.188783	-1.13493
0.188785	-1.13721
0.188785	-1.13682
0.188786	-1.13542
0.188787	-1.13379
0.188788	-1.1363
0.188788	-1.13444
0.188788	-1.13525
0.188788	-1.13475
0.188788	-1.13689
0.18879	-1.13528
0.18879	-1.13439
0.188792	-1.1368
0.188793	-1.13593
0.188793	-1.13523
0.188793	-1.13508
0.188793	-1.13624
0.188794	-1.13603
0.188794	-1.13431
0.188795	-1.1374
0.188795	-1.13554
0.188795	-1.13638
0.188796	-1.13715
0.188797	-1.13685
0.188798	-1.13619
0.1888	-1.1341
0.188802	-1.13484
0.189029	-1.14968
0.189434	-1.27977
0.189442	-1.27924
0.189442	-1.27817
0.189443	-1.28018
0.189447	-1.27692
0.189449	-1.27722
0.18945	-1.28027
0.189451	-1.27909
0.189452	-1.27997
0.189454	-1.27798
0.189455	-1.27707
0.189457	-1.28052
0.189459	-1.27842
0.189461	-1.27952
0.189461	-1.2787
0.189462	-1.27792
0.189462	-1.2802
0.189464	-1.27978
0.189464	-1.2775
0.189465	-1.27769
0.189465	-1.28119
0.189466	-1.28105
0.189466	-1.27916
0.189467	-1.27982
0.189467	-1.28046
0.189469	-1.27895
0.189469	-1.27856
0.189471	-1.28109
0.189472	-1.27834
0.189476	-1.27794
0.189476	-1.28003
0.189482	-1.27763
0.189593	-1.19383
0.190078	-1.11745
0.190125	-1.12211
0.190132	-1.11907
0.190132	-1.12166
0.190133	-1.11967
0.190133	-1.11959
0.190133	-1.11915
0.190133	-1.11789
0.190135	-1.12193
0.190137	-1.1182
0.190137	-1.11978
0.190137	-1.1226
0.190137	-1.12078
0.190137	-1.11834
0.190137	-1.1196
0.190138	-1.12105
0.190139	-1.11834
0.190139	-1.12031
0.19014	-1.12056
0.19014	-1.12167
0.190142	-1.11889
0.190145	-1.12132
0.190145	-1.12253
0.190146	-1.12055
0.190146	-1.12001
0.190146	-1.12303
0.190147	-1.12093
0.190149	-1.12211
0.19015	-1.12117
0.19015	-1.11892
0.190152	-1.11873
0.190161	-1.1225
0.190195	-1.08241
0.190652	-1.04577
0.1908	-1.09905
0.190801	-1.09942
0.190801	-1.09934
0.190803	-1.09749
0.190805	-1.09771
0.190807	-1.09849
0.190807	-1.09558
0.190808	-1.09746
0.190809	-1.09864
0.19081	-1.0968
0.19081	-1.10016
0.19081	-1.09855
0.190811	-1.09879
0.190812	-1.10007
0.190813	-1.097
0.190814	-1.10064
0.190815	-1.09906
0.190815	-1.0964
0.190817	-1.09854
0.190817	-1.09792
0.190817	-1.09819
0.190817	-1.09728
0.190819	-1.09603
0.190823	-1.10047
0.190826	-1.09597
0.190826	-1.09714
0.190826	-1.10065
0.190827	-1.09989
0.190827	-1.0963
0.190829	-1.09973
0.190832	-1.09672
0.190837	-1.09561
0.191226	-1.02245
0.191471	-1.10094
0.191474	-1.09956
0.191482	-1.09708
0.191482	-1.09708
0.191483	-1.09795
0.191484	-1.09864
0.191487	-1.09778
0.191488	-1.10164
0.191489	-1.09651
0.191489	-1.10015
0.19149	-1.09987
0.191491	-1.09817
0.191493	-1.10055
0.191493	-1.09837
0.191494	-1.09991
0.191494	-1.10171
0.191495	-1.09829
0.191495	-1.10064
0.191496	-1.09873
0.191496	-1.09732
0.191496	-1.09761
0.191498	-1.09768
0.191498	-1.10088
0.191499	-1.10168
0.1915	-1.0991
0.191501	-1.10043
0.191501	-1.09918
0.191502	-1.09912
0.191504	-1.10218
0.191515	-1.101
0.191515	-1.09976
0.191518	-1.10204
0.191737	-0.964832
0.192142	-0.853858
0.192153	-0.853458
0.192155	-0.850256
0.192158	-0.852042
0.192159	-0.85438
0.192159	-0.852583
0.19216	-0.852347
0.19216	-0.853846
0.192161	-0.85363
0.192164	-0.851014
0.192164	-0.849409
0.192165	-0.852598
0.192165	-0.852852
0.192165	-0.852572
0.192166	-0.850708
0.192166	-0.853331
0.192166	-0.851237
0.192167	-0.85052
0.192168	-0.854414
0.192168	-0.849954
0.19217	-0.851451
0.19217	-0.852001
0.19217	-0.850143
0.192171	-0.849552
0.192171	-0.85422
0.192172	-0.85081
0.192174	-0.851768
0.192175	-0.851822
0.192175	-0.8534
0.192179	-0.851388
0.192181	-0.849983
0.192184	-0.849602
0.192309	-0.762378
0.192797	-0.476354
0.192817	-0.44334
0.192822	-0.440684
0.192825	-0.443127
0.192827	-0.441611
0.192829	-0.440849
0.192832	-0.440677
0.192834	-0.439631
0.192836	-0.443557
0.192837	-0.43998
0.192838	-0.442244
0.192838	-0.442009
0.192841	-0.442771
0.192841	-0.443397
0.192842	-0.439258
0.192842	-0.444
0.192843	-0.439463
0.192844	-0.442017
0.192845	-0.44045
0.192845	-0.441481
0.192845	-0.439098
0.192845	-0.439125
0.192846	-0.442907
0.192846	-0.443961
0.192846	-0.440108
0.192848	-0.441308
0.192848	-0.441813
0.192849	-0.439568
0.19285	-0.44046
0.192854	-0.44339
0.192855	-0.442138
0.192863	-0.44111
0.192896	-0.423596
0.193391	-0.225972
0.193501	-0.133792
0.193504	-0.136071
0.193505	-0.13595
0.193506	-0.134994
0.193509	-0.130975
0.193509	-0.132862
0.193511	-0.131959
0.193511	-0.133283
0.193512	-0.131417
0.193513	-0.135174
0.193513	-0.134085
0.193514	-0.135037
0.193514	-0.135468
0.193516	-0.132164
0.193516	-0.135186
0.193518	-0.134444
0.193519	-0.132422
0.193519	-0.133423
0.193519	-0.131681
0.193519	-0.133124
0.193519	-0.13455
0.19352	-0.13431
0.193521	-0.13129
0.193523	-0.132993
0.193524	-0.13176
0.193527	-0.132337
0.193527	-0.133643
0.193527	-0.132062
0.193527	-0.135813
0.193532	-0.133389
0.193534	-0.135751
0.193546	-0.130761
0.193962	-0.162683
0.194175	-0.00978849
0.194177	-0.00713196
0.194179	-0.00956175
0.194182	-0.0101036
0.194183	-0.00782148
0.194185	-0.00565495
0.194189	-0.00538356
0.19419	-0.00660956
0.19419	-0.0108004
0.19419	-0.00898484
0.19419	-0.00736056
0.194191	-0.00695928
0.194191	-0.00602929
0.194192	-0.010508
0.194193	-0.00591704
0.194193	-0.00918859
0.194193	-0.00856067
0.194194	-0.00565243
0.194195	-0.00670821
0.194195	-0.00743889
0.194195	-0.00636514
0.194197	-0.00631879
0.194202	-0.00777547
0.194203	-0.0103754
0.194204	-0.00826819
0.194204	-0.00808392
0.194204	-0.00871764
0.194205	-0.00762891
0.194207	-0.0104057
0.194208	-0.00545079
0.194212	-0.00872683
0.194213	-0.00943131
0.194465	-0.0439002
0.194851	0.265185
0.194852	0.26453
0.194857	0.267497
0.194857	0.269682
0.194859	0.269089
0.194859	0.269062
0.19486	0.266717
0.194861	0.269514
0.194865	0.268598
0.194865	0.268571
0.194866	0.267501
0.194866	0.270277
0.194867	0.26979
0.194868	0.267933
0.194868	0.267246
0.19487	0.268874
0.19487	0.264718
0.194872	0.267658
0.194873	0.26476
0.194873	0.270003
0.194874	0.269377
0.194874	0.266327
0.194874	0.26731
0.194881	0.266887
0.194882	0.265386
0.194883	0.266211
0.194884	0.265983
0.194884	0.266539
0.194885	0.26437
0.194888	0.268172
0.194889	0.265724
0.194889	0.265406
0.195021	0.107707
0.195513	0.243558
0.195527	0.27502
0.195535	0.27307
0.195536	0.273055
0.195537	0.273951
0.195538	0.277241
0.19554	0.277172
0.19554	0.272269
0.19554	0.274066
0.19554	0.277726
0.195541	0.273874
0.195542	0.274799
0.195543	0.272678
0.195544	0.2771
0.195544	0.271983
0.195545	0.271966
0.195545	0.275317
0.195547	0.276075
0.195548	0.276083
0.195549	0.276849
0.19555	0.275344
0.19555	0.273327
0.195552	0.27345
0.195552	0.276724
0.195554	0.276343
0.195554	0.274342
0.195557	0.276154
0.195559	0.27469
0.19556	0.273325
0.195561	0.272339
0.195561	0.27561
0.195567	0.271668
0.195588	0.166731
0.196136	-0.0375724
0.196193	0.0539317
0.196202	0.05881
0.196206	0.0551358
0.196207	0.0550658
0.196208	0.0585357
0.196208	0.0596284
0.196209	0.0599281
0.196211	0.0581047
0.196213	0.0559686
0.196213	0.0575634
0.196214	0.0567015
0.196214	0.0576407
0.196216	0.0549337
0.196219	0.0565087
0.19622	0.0555902
0.19622	0.0570648
0.196221	0.0572999
0.196226	0.0537588
0.196226	0.0582756
0.196226	0.0554702
0.196227	0.0542051
0.196229	0.0562557
0.19623	0.0583807
0.19623	0.054552
0.19623	0.0591821
0.19623	0.0536098
0.196231	0.056255
0.196233	0.0533386
0.196233	0.0547676
0.196235	0.0567177
0.196238	0.0588974
0.19625	0.0591451
0.196693	-0.109058
0.196874	0.0985386
0.196881	0.095848
0.196882	0.0952431
0.196882	0.0963965
0.196884	0.097526
0.196885	0.0940743
0.196889	0.0939968
0.196889	0.0969067
0.196892	0.0934412
0.196892	0.093018
0.196895	0.0944866
0.196897	0.0961764
0.196899	0.0977732
0.196899	0.0981408
0.1969	0.0929858
0.196901	0.0937161
0.196901	0.0936107
0.196902	0.098343
0.196903	0.0939018
0.196903	0.0974755
0.196903	0.0955841
0.196903	0.0944448
0.196904	0.0961043
0.196905	0.0968084
0.196906	0.0972736
0.196907	0.0958977
0.196909	0.0975147
0.196909	0.0985257
0.196911	0.0964161
0.196913	0.0950342
0.196913	0.0928205
0.196922	0.0944827
0.197235	-0.0580182
0.19756	0.0768832
0.197561	0.0783548
0.197561	0.0803128
0.197562	0.080675
0.197562	0.0786564
0.197563	0.0811558
0.197564	0.0778338
0.197564	0.079683
0.197566	0.0811427
0.197569	0.0765322
0.197569	0.0793496
0.197569	0.0786256
0.19757	0.0795096
0.19757	0.0760758
0.197572	0.0761722
0.197573	0.0801106
0.197573	0.0796414
0.197574	0.0789716
0.197575	0.0805046
0.197577	0.0801561
0.197577	0.0766686
0.197578	0.0770361
0.197579	0.0772518
0.197579	0.078912
0.197579	0.0774007
0.19758	0.0769523
0.197581	0.0783844
0.197581	0.0779695
0.197585	0.0773823
0.197586	0.0766889
0.197592	0.0803804
0.197593	0.0801524
0.197698	0.0179263
0.198229	0.0921553
0.198234	0.0939689
0.198237	0.0933686
0.19824	0.0950027
0.198241	0.0937199
0.198241	0.0925234
0.198242	0.0926057
0.198244	0.0928311
0.198247	0.0935702
0.198247	0.0942566
0.198247	0.0950454
0.198247	0.0945864
0.198247	0.0928107
0.198248	0.0932157
0.198248	0.094588
0.198252	0.0954967
0.198253	0.0940425
0.198254	0.0954526
0.198254	0.0955793
0.198254	0.0952956
0.198256	0.093219
0.198257	0.093612
0.198258	0.0918015
0.198259	0.0891177
0.198259	0.0916968
0.19826	0.0928276
0.19826	0.0938808
0.198263	0.0941674
0.198263	0.0919014
0.198266	0.0922332
0.198268	0.0942708
0.198273	0.0952172
0.19828	0.119545
0.198851	0.425288
0.198901	0.444184
0.198906	0.444229
0.198907	0.443427
0.198907	0.443878
0.198908	0.443733
0.19891	0.443756
0.198911	0.4438
0.198911	0.444059
0.198912	0.445
0.198913	0.443347
0.198915	0.443723
0.198915	0.443779
0.198918	0.445314
0.198918	0.443296
0.19892	0.444725
0.198921	0.443563
0.198922	0.444227
0.198922	0.443041
0.198922	0.442873
0.198926	0.44373
0.198926	0.444947
0.198927	0.443952
0.198928	0.442969
0.198928	0.443674
0.198929	0.444419
0.198929	0.444666
0.198929	0.444587
0.19893	0.444694
0.198931	0.443125
0.198932	0.444962
0.198933	0.443219
0.199286	0.623833
0.199491	0.655038
0.199498	0.653882
0.199508	0.654742
0.19951	0.655226
0.199512	0.654684
0.199513	0.65467
0.199515	0.654673
0.199515	0.654929
0.199517	0.654367
0.199517	0.654194
0.199518	0.654541
0.199518	0.654502
0.199519	0.654711
0.199521	0.654269
0.199523	0.654573
0.199523	0.654716
0.199524	0.654565
0.199524	0.655053
0.199525	0.654448
0.199525	0.654597
0.199528	0.654875
0.199533	0.655075
0.199534	0.654534
0.199535	0.65437
0.199535	0.654333
0.199541	0.654711
0.199861	0.776967
0.200005	0.761865
0.200014	0.762015
0.200015	0.762204
0.200016	0.762122
0.200019	0.762663
0.200019	0.761993
0.20002	0.762075
0.200022	0.762153
0.200023	0.762313
0.200023	0.762299
0.200024	0.762244
0.200025	0.762268
0.200027	0.762155
0.20003	0.762049
0.20003	0.76229
0.200032	0.761981
0.200033	0.76216
0.200037	0.762316
0.200038	0.762476
0.200042	0.761701
0.200045	0.762351
0.200106	0.812207
0.200428	0.806156
0.200429	0.806018
0.200433	0.806373
0.200433	0.806134
0.200433	0.806162
0.200435	0.806111
0.200438	0.806057
0.200439	0.806168
0.200441	0.80593
0.200444	0.806052
0.200448	0.806265
0.200448	0.806096
0.200448	0.806233
0.200449	0.806221
0.20045	0.806296
0.200451	0.80615
0.200453	0.806427
0.200455	0.806429
0.200612	0.830779
0.20076	0.798812
0.200779	0.79932
0.20078	0.798927
0.20078	0.798938
0.20078	0.799248
0.200782	0.799136
0.200788	0.799195
0.200793	0.79902
0.200793	0.799401
0.200798	0.799505
0.200799	0.798969
0.200801	0.799291
0.200801	0.799243
0.200815	0.799104
0.200817	0.799427
0.201057	0.835574
0.201059	0.820143
0.201067	0.820118
0.201068	0.820217
0.201069	0.820104
0.20107	0.820244
0.201071	0.820205
0.201077	0.820062
0.201077	0.820197
0.20108	0.820179
0.201082	0.82024
0.201087	0.820257
0.20109	0.820309
0.201285	0.765409
0.201311	0.747414
0.20132	0.747245
0.201323	0.747267
0.201327	0.747191
0.201328	0.74725
0.201328	0.747259
0.201332	0.747315
0.201339	0.747493
0.201339	0.747346
0.201341	0.745397
0.201496	0.613479
0.201499	0.613099
0.201507	0.613008
0.201516	0.613139
0.201516	0.613292
0.20152	0.612923
0.201524	0.61404
0.201531	0.613241
0.201539	0.613047
0.201676	0.540307
0.201678	0.540132
0.201683	0.540323
0.201684	0.540318
0.201686	0.540249
0.201703	0.540346
0.201706	0.540422
0.201766	0.543205
0.201822	0.541275
0.201823	0.540951
0.201839	0.541207
0.201841	0.541151
0.201852	0.541278
0.20186	0.534534
0.201945	0.50787
0.201948	0.507758
0.201952	0.507688
0.201953	0.50784
0.201971	0.50784
0.202027	0.465542
0.202044	0.465579
0.202045	0.465493
0.202048	0.465316
0.202099	0.434266
0.202133	0.416084
0.202139	0.417322
0.202147	0.41724
0.202187	0.368257
0.202201	0.368443
0.202211	0.368461
0.202251	0.322087
0.202273	0.322066
0.202291	0.279435
0.202298	0.265087
0.202306	0.301427
0.202332	0.242242
0.202343	0.222092
0.202367	0.18478
0.202379	0.206127
0.202417	0.146772
0.202444	0.164732
0.202471	0.116945
0.202476	0.130634
0.202503	0.105194
0.20253	0.0996964
0.202533	0.100127
0.202557	0.100487
0.202579	0.102258
0.202587	0.103877
0.202629	0.104732
0.202651	0.106634
0.202675	0.106961
0.202701	0.106797
0.202707	0.106701
0.202732	0.103795
0.202744	0.1053
0.20275	0.103112
0.202796	0.0980083
0.202799	0.0979675
0.202831	0.0903139
0.20286	0.0886308
0.202866	0.0797483
0.2029	0.0765205
0.202906	0.0631156
0.202926	0.0548427
0.202937	0.0245467
0.20296	0.0414085
0.202982	0.0079381
)
