(title "Circumferential Averages")
(labels "Radius" "Tangential Velocity")

((xy/key/label "")
0.142001	-4.79417
0.14203	-13.3306
0.142043	-20.3431
0.14207	-24.9554
0.142088	-28.3188
0.142107	-30.6866
0.142117	-32.3323
0.142161	-35.3498
0.142163	-34.7572
0.142202	-37.1663
0.142205	-37.426
0.142236	-39.3369
0.142242	-39.3389
0.142273	-40.6067
0.142299	-41.4336
0.142305	-41.4353
0.142346	-42.6507
0.142353	-43.4926
0.142362	-43.4958
0.142363	-43.4959
0.142438	-45.5684
0.142444	-45.5699
0.142447	-45.5066
0.142456	-45.5733
0.142507	-46.9091
0.142543	-47.7165
0.142545	-47.716
0.142548	-47.7172
0.142553	-47.7192
0.142597	-48.6565
0.142659	-50.0055
0.142661	-50.0065
0.142664	-50.0067
0.142665	-50.0081
0.142667	-50.0071
0.142688	-50.3751
0.142794	-52.3718
0.142796	-52.3723
0.142796	-52.3709
0.142798	-52.3718
0.142798	-52.3744
0.142805	-52.3752
0.142806	-52.377
0.142916	-53.7767
0.142964	-54.5075
0.142966	-54.5095
0.142966	-54.5072
0.14297	-54.5085
0.142974	-54.5116
0.142974	-54.511
0.142976	-54.5127
0.142984	-54.5133
0.143101	-55.5076
0.143164	-56
0.143165	-55.9975
0.143165	-55.9987
0.143167	-55.9984
0.143168	-56.0003
0.143171	-56.0025
0.143176	-56.0025
0.143176	-56.004
0.14318	-56.0048
0.143184	-56.0044
0.143372	-56.4284
0.143401	-56.4378
0.143403	-56.4378
0.143408	-56.4395
0.143409	-56.4402
0.143411	-56.4416
0.143415	-56.4424
0.143415	-56.4419
0.143416	-56.442
0.143416	-56.4436
0.143416	-56.444
0.143417	-56.4423
0.143422	-56.4466
0.143661	-56.0123
0.143691	-55.8542
0.143692	-55.8543
0.143694	-55.8551
0.143696	-55.8558
0.143702	-55.8584
0.143702	-55.8584
0.143703	-55.8586
0.143703	-55.8586
0.143705	-55.8592
0.143705	-55.8594
0.143708	-55.8606
0.14371	-55.8615
0.143711	-55.8614
0.143718	-55.8643
0.143804	-55.6277
0.144045	-54.7821
0.144046	-54.7833
0.144046	-54.783
0.144046	-54.7823
0.144047	-54.7824
0.144048	-54.7836
0.144049	-54.7848
0.144049	-54.7833
0.14405	-54.784
0.14405	-54.7856
0.144051	-54.7865
0.144052	-54.7839
0.144053	-54.7866
0.144053	-54.7843
0.144057	-54.7886
0.144058	-54.7863
0.144064	-54.7905
0.144064	-54.7916
0.144297	-54.2163
0.144457	-53.7414
0.144461	-53.7457
0.144464	-53.7462
0.144465	-53.7454
0.144466	-53.7495
0.144466	-53.7456
0.144466	-53.7498
0.144467	-53.7455
0.144467	-53.746
0.144467	-53.7489
0.144467	-53.7496
0.144468	-53.7491
0.144469	-53.7522
0.144471	-53.7515
0.144473	-53.7532
0.144473	-53.7507
0.144473	-53.7498
0.144474	-53.7538
0.144479	-53.7512
0.144482	-53.7542
0.144485	-53.7515
0.144588	-53.6669
0.144947	-53.1609
0.144959	-53.1686
0.144963	-53.1726
0.144963	-53.1674
0.144965	-53.169
0.144967	-53.1753
0.144967	-53.1761
0.144968	-53.1786
0.144968	-53.1713
0.144969	-53.1784
0.144969	-53.1698
0.14497	-53.1712
0.144972	-53.1737
0.144972	-53.1742
0.144973	-53.1807
0.144973	-53.1758
0.144974	-53.1764
0.144974	-53.1801
0.144974	-53.1759
0.144974	-53.173
0.144974	-53.1755
0.144975	-53.1795
0.144975	-53.1776
0.144979	-53.1805
0.144983	-53.1826
0.144984	-53.1748
0.14514	-53.1765
0.145563	-53.4406
0.145564	-53.4307
0.145567	-53.4344
0.145567	-53.4354
0.145567	-53.4431
0.145567	-53.442
0.145568	-53.4374
0.145568	-53.4377
0.145569	-53.4366
0.145569	-53.441
0.14557	-53.4403
0.145571	-53.4427
0.145571	-53.4347
0.145571	-53.4326
0.145572	-53.4346
0.145572	-53.4326
0.145572	-53.4358
0.145573	-53.4427
0.145573	-53.4432
0.145574	-53.4409
0.145575	-53.4393
0.145575	-53.4356
0.145575	-53.4328
0.145576	-53.4331
0.145576	-53.4377
0.145576	-53.4421
0.145578	-53.4428
0.145579	-53.4397
0.145581	-53.448
0.145582	-53.4429
0.145585	-53.4386
0.14563	-53.436
0.146206	-54.2982
0.146222	-54.4117
0.146223	-54.4175
0.146226	-54.423
0.146231	-54.4213
0.146231	-54.4237
0.146232	-54.4233
0.146232	-54.4186
0.146232	-54.4178
0.146234	-54.4203
0.146234	-54.423
0.146234	-54.4241
0.146235	-54.4235
0.146236	-54.4278
0.146236	-54.4242
0.146237	-54.4273
0.146237	-54.4192
0.146239	-54.4184
0.14624	-54.418
0.14624	-54.421
0.146241	-54.4236
0.146241	-54.4197
0.146242	-54.4303
0.146242	-54.4279
0.146242	-54.4241
0.146243	-54.4253
0.146243	-54.4231
0.146243	-54.4289
0.146244	-54.4302
0.146244	-54.4229
0.146244	-54.421
0.146251	-54.4241
0.14627	-54.43
0.14678	-55.2019
0.146895	-55.4907
0.146903	-55.4983
0.146904	-55.4989
0.146905	-55.5035
0.146907	-55.5014
0.146907	-55.4968
0.146908	-55.5027
0.146908	-55.5041
0.146908	-55.4988
0.146909	-55.4992
0.146909	-55.4989
0.146909	-55.5051
0.14691	-55.504
0.14691	-55.5006
0.146911	-55.5048
0.146912	-55.5044
0.146912	-55.4969
0.146913	-55.5056
0.146914	-55.5044
0.146914	-55.4988
0.146914	-55.5005
0.146915	-55.5035
0.146915	-55.5026
0.146915	-55.4994
0.146917	-55.5049
0.146917	-55.4994
0.146918	-55.5061
0.146919	-55.5037
0.14692	-55.5059
0.14692	-55.5021
0.14692	-55.5008
0.146924	-55.5037
0.147338	-55.9334
0.147575	-56.2526
0.147578	-56.2541
0.147578	-56.2557
0.147578	-56.2567
0.14758	-56.2523
0.147581	-56.2519
0.147582	-56.2534
0.147583	-56.2535
0.147584	-56.2546
0.147584	-56.2571
0.147585	-56.2551
0.147585	-56.2571
0.147585	-56.2527
0.147586	-56.2592
0.147586	-56.258
0.147587	-56.2595
0.147588	-56.2553
0.147588	-56.2579
0.147588	-56.2598
0.147591	-56.2604
0.147591	-56.2582
0.147592	-56.2619
0.147593	-56.2629
0.147593	-56.2568
0.147593	-56.2591
0.147594	-56.2566
0.147594	-56.259
0.147594	-56.2571
0.147595	-56.2564
0.147595	-56.2602
0.147596	-56.2639
0.147596	-56.262
0.147885	-56.3857
0.148246	-56.5906
0.148248	-56.5912
0.148248	-56.5871
0.148248	-56.5867
0.148252	-56.5889
0.148252	-56.5922
0.148253	-56.5918
0.148254	-56.5911
0.148256	-56.5934
0.148256	-56.5899
0.148257	-56.5936
0.148258	-56.5917
0.148258	-56.5933
0.148259	-56.5908
0.14826	-56.5928
0.14826	-56.5954
0.14826	-56.5946
0.148261	-56.5938
0.148261	-56.596
0.148262	-56.5937
0.148262	-56.5941
0.148262	-56.5933
0.148263	-56.5974
0.148264	-56.5932
0.148266	-56.5973
0.148266	-56.5953
0.148269	-56.5953
0.14827	-56.5981
0.14827	-56.5946
0.148271	-56.5963
0.148274	-56.5959
0.148274	-56.5991
0.14845	-56.5844
0.14892	-56.5393
0.148925	-56.5376
0.148926	-56.5387
0.148927	-56.5392
0.148929	-56.5414
0.14893	-56.5437
0.14893	-56.5426
0.148932	-56.5418
0.148932	-56.5421
0.148932	-56.5449
0.148933	-56.5428
0.148934	-56.5456
0.148935	-56.5441
0.148937	-56.5423
0.148937	-56.547
0.148938	-56.5461
0.148938	-56.5438
0.148938	-56.5458
0.148938	-56.5465
0.148938	-56.5457
0.148939	-56.548
0.148939	-56.5462
0.148939	-56.5445
0.14894	-56.5446
0.14894	-56.5446
0.148941	-56.5439
0.148943	-56.5451
0.148943	-56.5486
0.148944	-56.543
0.148945	-56.5472
0.148946	-56.5498
0.148951	-56.5498
0.149038	-56.5136
0.149559	-56.3195
0.149596	-56.3083
0.149597	-56.3111
0.149598	-56.3109
0.149602	-56.3113
0.149605	-56.3137
0.149607	-56.3135
0.149607	-56.3152
0.149608	-56.3136
0.149609	-56.3139
0.149609	-56.3171
0.149611	-56.3185
0.149611	-56.3153
0.149612	-56.3178
0.149612	-56.3144
0.149614	-56.3168
0.149617	-56.3198
0.149617	-56.3186
0.149617	-56.3205
0.149617	-56.3193
0.149618	-56.3171
0.149618	-56.3193
0.149619	-56.3213
0.149619	-56.3201
0.14962	-56.3174
0.14962	-56.3204
0.149621	-56.3176
0.149622	-56.3177
0.149623	-56.3203
0.149625	-56.3225
0.149626	-56.321
0.14963	-56.3253
0.149661	-56.3005
0.150164	-56.0837
0.150278	-56.0532
0.150278	-56.053
0.150278	-56.0513
0.150279	-56.0528
0.15028	-56.0543
0.15028	-56.0541
0.15028	-56.0511
0.150281	-56.0547
0.150282	-56.0531
0.150282	-56.0558
0.150282	-56.0535
0.150282	-56.0527
0.150283	-56.0539
0.150283	-56.0521
0.150283	-56.0558
0.150283	-56.0546
0.150285	-56.0526
0.150285	-56.0537
0.150286	-56.0527
0.150287	-56.0561
0.150288	-56.0579
0.15029	-56.0566
0.150292	-56.0568
0.150293	-56.0601
0.150293	-56.0559
0.150293	-56.06
0.150296	-56.0576
0.150296	-56.0598
0.150296	-56.0563
0.150301	-56.0582
0.150313	-56.0537
0.150314	-56.064
0.150731	-55.8484
0.150951	-55.7957
0.150952	-55.7936
0.150952	-55.7943
0.150952	-55.7964
0.150953	-55.7967
0.150957	-55.7966
0.150957	-55.7968
0.150958	-55.7979
0.150958	-55.8004
0.150959	-55.7972
0.15096	-55.801
0.15096	-55.7983
0.15096	-55.7998
0.15096	-55.7981
0.150961	-55.797
0.150962	-55.7977
0.150962	-55.798
0.150963	-55.8013
0.150964	-55.8028
0.150965	-55.7996
0.150965	-55.8028
0.150965	-55.8036
0.150967	-55.8044
0.150969	-55.8029
0.15097	-55.8039
0.15097	-55.8024
0.15097	-55.8036
0.15097	-55.8022
0.15097	-55.8046
0.150971	-55.8036
0.150973	-55.8053
0.150974	-55.8013
0.151315	-55.6427
0.15162	-55.5471
0.151624	-55.5518
0.151631	-55.5509
0.151631	-55.5503
0.151632	-55.5541
0.151632	-55.553
0.151632	-55.5528
0.151633	-55.5543
0.151634	-55.5565
0.151635	-55.5548
0.151635	-55.5562
0.151635	-55.5548
0.151636	-55.5559
0.151637	-55.5549
0.151638	-55.5568
0.151638	-55.5531
0.151638	-55.5542
0.151639	-55.5567
0.15164	-55.5548
0.15164	-55.554
0.15164	-55.5589
0.151641	-55.5554
0.151641	-55.5586
0.151641	-55.5586
0.151642	-55.5596
0.151642	-55.5571
0.151643	-55.5557
0.151643	-55.5596
0.151645	-55.5577
0.151654	-55.5596
0.151654	-55.5607
0.151656	-55.5651
0.15187	-55.4401
0.152287	-55.3062
0.152295	-55.3095
0.152297	-55.3082
0.152302	-55.3137
0.152303	-55.3133
0.152305	-55.3134
0.152307	-55.3127
0.152307	-55.3111
0.152307	-55.3135
0.152309	-55.3158
0.152309	-55.3148
0.15231	-55.3134
0.15231	-55.3131
0.15231	-55.314
0.152312	-55.3153
0.152312	-55.3152
0.152313	-55.3151
0.152313	-55.3143
0.152313	-55.3132
0.152314	-55.318
0.152314	-55.317
0.152315	-55.3175
0.152315	-55.3187
0.152316	-55.3146
0.152316	-55.3149
0.152318	-55.3203
0.152319	-55.3206
0.152321	-55.3189
0.152321	-55.3203
0.152321	-55.3163
0.152323	-55.3207
0.152326	-55.3186
0.152446	-55.2342
0.152933	-55.0769
0.152972	-55.0762
0.152974	-55.0785
0.152974	-55.078
0.152977	-55.0761
0.152979	-55.0763
0.152979	-55.0792
0.152981	-55.078
0.152982	-55.078
0.152982	-55.0798
0.152983	-55.0775
0.152983	-55.0796
0.152983	-55.082
0.152983	-55.0813
0.152984	-55.0811
0.152986	-55.0805
0.152986	-55.0834
0.152987	-55.081
0.152987	-55.0833
0.152987	-55.0841
0.152988	-55.0842
0.152988	-55.0822
0.152988	-55.0809
0.152988	-55.084
0.152989	-55.0797
0.152989	-55.0829
0.15299	-55.0814
0.152991	-55.0841
0.152991	-55.0812
0.152991	-55.082
0.152992	-55.081
0.152993	-55.0835
0.153077	-55.0414
0.153522	-54.8536
0.15365	-54.8493
0.153651	-54.8518
0.153655	-54.8519
0.153656	-54.8538
0.153657	-54.8532
0.153657	-54.8531
0.153657	-54.8548
0.153658	-54.8559
0.153658	-54.8553
0.153659	-54.8559
0.15366	-54.8547
0.15366	-54.8545
0.15366	-54.8547
0.15366	-54.8522
0.153661	-54.8535
0.153661	-54.8559
0.153662	-54.8539
0.153662	-54.8567
0.153663	-54.8545
0.153664	-54.8541
0.153665	-54.8542
0.153665	-54.8557
0.153666	-54.854
0.153667	-54.858
0.153667	-54.8566
0.153671	-54.8567
0.153671	-54.8605
0.153673	-54.8613
0.153675	-54.8572
0.153677	-54.8603
0.153678	-54.8585
0.153705	-54.84
0.154109	-54.6458
0.154326	-54.6259
0.154329	-54.6257
0.154329	-54.628
0.154329	-54.6288
0.154331	-54.6271
0.154331	-54.6262
0.154331	-54.6283
0.154332	-54.6298
0.154332	-54.6258
0.154332	-54.6295
0.154333	-54.6276
0.154335	-54.6272
0.154336	-54.6292
0.154336	-54.6302
0.154336	-54.6222
0.154337	-54.6311
0.154337	-54.6295
0.154337	-54.6311
0.154338	-54.6296
0.154339	-54.6322
0.15434	-54.6299
0.15434	-54.6298
0.154341	-54.6315
0.154343	-54.6327
0.154345	-54.6345
0.154345	-54.633
0.154345	-54.631
0.154346	-54.632
0.154347	-54.6316
0.154347	-54.6356
0.154352	-54.6329
0.154353	-54.6377
0.154704	-54.4569
0.154988	-54.4001
0.154998	-54.4062
0.154998	-54.4039
0.155002	-54.4082
0.155004	-54.4071
0.155004	-54.4065
0.155004	-54.4068
0.155007	-54.4095
0.155008	-54.4069
0.155008	-54.4089
0.15501	-54.4115
0.155011	-54.4093
0.155011	-54.4099
0.155012	-54.409
0.155012	-54.4109
0.155014	-54.4109
0.155015	-54.4096
0.155015	-54.4117
0.155015	-54.4122
0.155016	-54.4141
0.155017	-54.4143
0.155017	-54.4142
0.155018	-54.413
0.155019	-54.4141
0.15502	-54.4117
0.15502	-54.4146
0.15502	-54.4144
0.155021	-54.4132
0.155022	-54.4125
0.155025	-54.4168
0.155026	-54.4169
0.155029	-54.4156
0.155258	-54.2687
0.155667	-54.198
0.155673	-54.1912
0.155673	-54.1883
0.155678	-54.193
0.155681	-54.192
0.155681	-54.1934
0.155683	-54.1948
0.155683	-54.1951
0.155685	-54.1935
0.155685	-54.1961
0.155685	-54.1926
0.155685	-54.1959
0.155686	-54.195
0.155686	-54.1963
0.155686	-54.1951
0.155687	-54.1936
0.155688	-54.1954
0.155688	-54.1941
0.155688	-54.197
0.155689	-54.1935
0.15569	-54.1954
0.15569	-54.1944
0.155691	-54.1952
0.155695	-54.1983
0.155696	-54.1977
0.155696	-54.1983
0.155697	-54.1968
0.155697	-54.2007
0.155699	-54.2003
0.1557	-54.1995
0.155701	-54.199
0.155705	-54.2011
0.15587	-54.0896
0.15628	-53.9915
0.156354	-53.9769
0.156355	-53.976
0.156355	-53.9749
0.156355	-53.9785
0.156358	-53.9785
0.156358	-53.9766
0.156358	-53.9782
0.156358	-53.9767
0.156359	-53.9765
0.15636	-53.9776
0.15636	-53.9798
0.156362	-53.9789
0.156362	-53.9794
0.156363	-53.9798
0.156363	-53.9809
0.156364	-53.9778
0.156364	-53.9805
0.156364	-53.9796
0.156365	-53.9785
0.156365	-53.979
0.156365	-53.9817
0.156365	-53.9815
0.156366	-53.9805
0.156367	-53.9788
0.156367	-53.98
0.156368	-53.9806
0.156368	-53.981
0.156368	-53.9822
0.156369	-53.981
0.15637	-53.9838
0.156374	-53.9846
0.15647	-53.9009
0.156885	-53.7877
0.157029	-53.7615
0.15703	-53.7612
0.15703	-53.7595
0.15703	-53.7594
0.157031	-53.7592
0.157031	-53.7626
0.157033	-53.7621
0.157033	-53.7614
0.157034	-53.761
0.157035	-53.7611
0.157035	-53.7613
0.157035	-53.7631
0.157037	-53.764
0.157038	-53.7648
0.157039	-53.7648
0.157039	-53.7633
0.157039	-53.763
0.15704	-53.7639
0.15704	-53.7635
0.157041	-53.7644
0.157041	-53.7655
0.157042	-53.7643
0.157042	-53.765
0.157044	-53.7661
0.157044	-53.7635
0.157044	-53.7655
0.157045	-53.7665
0.157046	-53.7665
0.157046	-53.7648
0.157047	-53.768
0.157051	-53.766
0.157098	-53.7133
0.157483	-53.5869
0.157697	-53.5425
0.157699	-53.5416
0.157701	-53.5447
0.157702	-53.5432
0.157704	-53.5433
0.157704	-53.5428
0.157704	-53.5439
0.157705	-53.5463
0.157706	-53.5461
0.157707	-53.5471
0.157707	-53.5454
0.157708	-53.5455
0.157708	-53.5466
0.157709	-53.5458
0.157712	-53.5473
0.157712	-53.548
0.157713	-53.5475
0.157713	-53.5484
0.157713	-53.5469
0.157713	-53.5461
0.157714	-53.5471
0.157715	-53.5486
0.157715	-53.5488
0.157717	-53.5491
0.157718	-53.5502
0.157718	-53.5489
0.15772	-53.5485
0.157721	-53.5488
0.157721	-53.5503
0.157721	-53.5517
0.157732	-53.5529
0.157742	-53.5282
0.158057	-53.3928
0.158379	-53.3347
0.158381	-53.3341
0.158382	-53.3359
0.158384	-53.3355
0.158384	-53.3359
0.158384	-53.3349
0.158385	-53.3357
0.158386	-53.3358
0.158386	-53.3369
0.158387	-53.3355
0.158387	-53.3353
0.158388	-53.3362
0.158389	-53.336
0.158389	-53.3361
0.158389	-53.3359
0.158389	-53.3372
0.158389	-53.3382
0.158389	-53.3378
0.158391	-53.3362
0.158391	-53.3385
0.158391	-53.3389
0.158392	-53.3375
0.158393	-53.3369
0.158393	-53.3374
0.158393	-53.3376
0.158394	-53.3386
0.158394	-53.3397
0.158398	-53.3398
0.158398	-53.3405
0.158399	-53.3411
0.1584	-53.3367
0.158412	-53.3435
0.158648	-53.1988
0.15902	-53.133
0.159049	-53.1207
0.159049	-53.1184
0.159051	-53.1203
0.159053	-53.1208
0.159054	-53.1218
0.159054	-53.1206
0.159055	-53.1229
0.159056	-53.1226
0.159056	-53.123
0.159057	-53.1229
0.159058	-53.1234
0.159059	-53.1237
0.159059	-53.1231
0.159062	-53.1236
0.159062	-53.1243
0.159063	-53.1237
0.159063	-53.1255
0.159063	-53.1253
0.159063	-53.1233
0.159063	-53.1243
0.159063	-53.1251
0.159064	-53.1239
0.159064	-53.124
0.159065	-53.1242
0.159067	-53.1252
0.159067	-53.1261
0.159068	-53.1258
0.159072	-53.1275
0.159073	-53.1287
0.159073	-53.1292
0.159075	-53.1277
0.159237	-53.0062
0.159638	-52.9403
0.159729	-52.9112
0.159731	-52.9122
0.159732	-52.9127
0.159733	-52.9131
0.159733	-52.9119
0.159733	-52.9137
0.159733	-52.9132
0.159734	-52.9127
0.159735	-52.9129
0.159736	-52.9145
0.159736	-52.9128
0.159736	-52.9129
0.159737	-52.9149
0.159737	-52.914
0.159737	-52.9128
0.159738	-52.9147
0.159739	-52.9146
0.159739	-52.9157
0.15974	-52.9157
0.159741	-52.9151
0.159741	-52.9161
0.159743	-52.9164
0.159744	-52.9155
0.159744	-52.9155
0.159745	-52.916
0.159745	-52.9157
0.159745	-52.9159
0.159747	-52.9169
0.159748	-52.918
0.15975	-52.9177
0.15975	-52.919
0.159859	-52.8308
0.160247	-52.7586
0.160402	-52.7051
0.160403	-52.7056
0.160404	-52.7057
0.160404	-52.7068
0.160406	-52.7071
0.160407	-52.7067
0.160408	-52.7062
0.160409	-52.7065
0.16041	-52.7073
0.16041	-52.7072
0.16041	-52.7074
0.16041	-52.7066
0.160411	-52.7084
0.160412	-52.7074
0.160412	-52.7089
0.160414	-52.709
0.160414	-52.7081
0.160414	-52.7088
0.160414	-52.7086
0.160414	-52.7095
0.160414	-52.7087
0.160415	-52.7087
0.160416	-52.7103
0.160417	-52.7092
0.160418	-52.7104
0.160418	-52.7105
0.16042	-52.7117
0.160421	-52.712
0.160422	-52.7112
0.160423	-52.7123
0.160425	-52.7121
0.160479	-52.6514
0.160856	-52.5835
0.161071	-52.4967
0.161077	-52.4989
0.161078	-52.4985
0.16108	-52.4992
0.16108	-52.5008
0.161082	-52.5012
0.161082	-52.5004
0.161082	-52.501
0.161083	-52.5004
0.161083	-52.5016
0.161085	-52.5009
0.161085	-52.5012
0.161086	-52.5024
0.161087	-52.5029
0.161087	-52.5022
0.161089	-52.5031
0.161089	-52.5028
0.161089	-52.5022
0.16109	-52.5026
0.161093	-52.5032
0.161093	-52.5044
0.161093	-52.5042
0.161094	-52.5043
0.161094	-52.5048
0.161094	-52.505
0.161094	-52.5051
0.161097	-52.5055
0.161097	-52.5052
0.161097	-52.505
0.161102	-52.5072
0.161102	-52.507
0.161119	-52.4716
0.161425	-52.3917
0.161746	-52.3013
0.161753	-52.2967
0.161753	-52.2967
0.161755	-52.2969
0.161756	-52.2977
0.161757	-52.2983
0.161758	-52.2984
0.161758	-52.2987
0.161758	-52.298
0.161759	-52.299
0.16176	-52.2991
0.161761	-52.2992
0.161763	-52.3001
0.161764	-52.3
0.161764	-52.3004
0.161764	-52.3008
0.161764	-52.3
0.161765	-52.3005
0.161766	-52.3007
0.161766	-52.3017
0.161766	-52.3018
0.161766	-52.3012
0.161767	-52.3015
0.161769	-52.3017
0.161769	-52.3026
0.161769	-52.3021
0.16177	-52.3027
0.161771	-52.303
0.161772	-52.3032
0.161772	-52.2949
0.161774	-52.3032
0.161776	-52.3039
0.162014	-52.2066
0.162379	-52.1157
0.162427	-52.0973
0.162428	-52.0972
0.162429	-52.0976
0.16243	-52.0981
0.162431	-52.0981
0.162432	-52.0994
0.162432	-52.0989
0.162433	-52.0996
0.162434	-52.0999
0.162435	-52.1004
0.162435	-52.1
0.162436	-52.1002
0.162437	-52.1002
0.162438	-52.1009
0.162438	-52.101
0.162438	-52.101
0.162438	-52.101
0.162439	-52.1014
0.162441	-52.1016
0.162442	-52.102
0.162442	-52.1024
0.162444	-52.1031
0.162444	-52.1027
0.162444	-52.1029
0.162444	-52.103
0.162445	-52.1033
0.162446	-52.1034
0.162446	-52.1033
0.162446	-52.1038
0.162456	-52.1062
0.162464	-52.1091
0.162621	-52.0333
0.163001	-51.9394
0.163099	-51.898
0.163099	-51.8983
0.163099	-51.8984
0.163101	-51.8989
0.163106	-51.9007
0.163107	-51.9006
0.163107	-51.9007
0.163107	-51.901
0.163108	-51.9008
0.163108	-51.9011
0.163108	-51.901
0.163109	-51.9015
0.16311	-51.9016
0.163113	-51.9023
0.163113	-51.9028
0.163114	-51.9029
0.163114	-51.9029
0.163114	-51.9028
0.163115	-51.9032
0.163115	-51.9034
0.163115	-51.9036
0.163116	-51.9033
0.163116	-51.9038
0.16312	-51.905
0.163122	-51.9055
0.163123	-51.9057
0.163123	-51.9061
0.163126	-51.9067
0.163127	-51.9069
0.163129	-51.9076
0.163132	-51.9086
0.163227	-51.8682
0.163588	-51.7639
0.163779	-51.7026
0.163781	-51.7032
0.163783	-51.7039
0.163783	-51.7038
0.163783	-51.7039
0.163783	-51.7039
0.163785	-51.7045
0.163787	-51.7051
0.163788	-51.7052
0.163789	-51.7055
0.163789	-51.7056
0.163789	-51.7057
0.163789	-51.7057
0.163789	-51.7057
0.16379	-51.7062
0.16379	-51.7061
0.163791	-51.7063
0.163791	-51.7065
0.163792	-51.7065
0.163792	-51.7067
0.163792	-51.7067
0.163793	-51.7072
0.163794	-51.7073
0.163794	-51.7074
0.163795	-51.7077
0.163796	-51.7078
0.163796	-51.708
0.163797	-51.7084
0.163799	-51.7087
0.1638	-51.7093
0.163803	-51.7102
0.163866	-51.6951
0.164177	-51.5847
0.164446	-51.4994
0.164448	-51.4993
0.164451	-51.5007
0.164457	-51.5025
0.164457	-51.5024
0.164459	-51.5032
0.164461	-51.5033
0.164462	-51.504
0.164462	-51.5039
0.164463	-51.5043
0.164463	-51.5041
0.164464	-51.5051
0.164464	-51.5047
0.164465	-51.5048
0.164465	-51.5054
0.164466	-51.505
0.164467	-51.5053
0.164467	-51.5057
0.164467	-51.5061
0.164467	-51.5054
0.164468	-51.5058
0.164468	-51.5055
0.164469	-51.5065
0.164469	-51.506
0.164471	-51.5064
0.164474	-51.5077
0.164474	-51.5079
0.164476	-51.5087
0.164476	-51.5083
0.164481	-51.5102
0.164482	-51.5103
0.164492	-51.5054
0.164784	-51.4306
0.16512	-51.3195
0.165123	-51.3046
0.165124	-51.3038
0.165126	-51.3053
0.165131	-51.3063
0.165131	-51.3061
0.165131	-51.3064
0.165132	-51.3065
0.165132	-51.3075
0.165133	-51.3074
0.165133	-51.3072
0.165139	-51.3087
0.165139	-51.3093
0.16514	-51.3086
0.16514	-51.309
0.16514	-51.3094
0.165141	-51.31
0.165141	-51.3094
0.165142	-51.3099
0.165143	-51.3102
0.165144	-51.3106
0.165147	-51.3115
0.165147	-51.312
0.165148	-51.3124
0.165149	-51.3118
0.16515	-51.3127
0.165151	-51.3125
0.165152	-51.3136
0.165152	-51.3134
0.165153	-51.3129
0.165156	-51.3137
0.165163	-51.3172
0.165392	-51.2749
0.165734	-51.1366
0.165804	-51.1112
0.165805	-51.1107
0.165806	-51.1117
0.165806	-51.111
0.165808	-51.1124
0.165808	-51.113
0.165809	-51.1117
0.16581	-51.1127
0.165811	-51.1136
0.165811	-51.1122
0.165811	-51.1138
0.165813	-51.1128
0.165813	-51.1138
0.165813	-51.1145
0.165814	-51.1139
0.165814	-51.1134
0.165814	-51.1134
0.165815	-51.1139
0.165815	-51.1149
0.165815	-51.1145
0.165817	-51.1156
0.165817	-51.1153
0.165818	-51.115
0.165818	-51.1155
0.165818	-51.1151
0.165821	-51.1161
0.165821	-51.1153
0.165822	-51.1159
0.165823	-51.1175
0.165824	-51.1168
0.165826	-51.1173
0.166001	-51.1214
0.166336	-50.9599
0.166475	-50.9161
0.166481	-50.9178
0.166483	-50.9199
0.166483	-50.919
0.166483	-50.9187
0.166484	-50.9182
0.166484	-50.9198
0.166484	-50.92
0.166485	-50.9203
0.166487	-50.92
0.166487	-50.9207
0.166488	-50.9195
0.16649	-50.9219
0.166491	-50.9206
0.166492	-50.9212
0.166492	-50.9204
0.166492	-50.9221
0.166492	-50.9215
0.166493	-50.9206
0.166493	-50.9222
0.166495	-50.9224
0.166497	-50.9234
0.166497	-50.9234
0.166497	-50.923
0.166497	-50.9219
0.166497	-50.9236
0.166501	-50.924
0.166504	-50.9263
0.166504	-50.9261
0.166504	-50.9243
0.166508	-50.9258
0.166607	-50.9457
0.166927	-50.7976
0.167153	-50.726
0.167153	-50.7263
0.167154	-50.7278
0.167154	-50.7278
0.167156	-50.7296
0.167156	-50.7293
0.167159	-50.7294
0.167161	-50.7294
0.167161	-50.7307
0.167162	-50.7291
0.167163	-50.7304
0.167163	-50.7314
0.167164	-50.7299
0.167164	-50.7319
0.167165	-50.7323
0.167166	-50.7319
0.167166	-50.7322
0.167166	-50.7307
0.167167	-50.7305
0.167168	-50.7317
0.167169	-50.7336
0.167169	-50.7323
0.16717	-50.7323
0.167171	-50.7333
0.167172	-50.7321
0.167174	-50.7345
0.167175	-50.7354
0.167179	-50.7353
0.16718	-50.7341
0.167182	-50.7352
0.167182	-50.736
0.16722	-50.7542
0.167543	-50.6625
0.167827	-50.5362
0.167828	-50.5387
0.16783	-50.5445
0.16783	-50.5379
0.167832	-50.5404
0.167835	-50.5399
0.167835	-50.5406
0.167837	-50.5388
0.167837	-50.5392
0.167838	-50.5424
0.16784	-50.5404
0.16784	-50.5408
0.167842	-50.5431
0.167842	-50.5424
0.167842	-50.5406
0.167842	-50.5418
0.167843	-50.5424
0.167845	-50.5439
0.167845	-50.5426
0.167845	-50.5425
0.167847	-50.5438
0.167847	-50.5441
0.167848	-50.5447
0.167848	-50.5431
0.167848	-50.545
0.167851	-50.5444
0.167851	-50.5432
0.167853	-50.5452
0.167854	-50.5444
0.167859	-50.5464
0.16786	-50.5552
0.167862	-50.549
0.168126	-50.5163
0.16848	-50.3699
0.168506	-50.3505
0.168507	-50.3488
0.168508	-50.3511
0.16851	-50.3499
0.168511	-50.3521
0.168511	-50.351
0.168512	-50.3499
0.168512	-50.353
0.168513	-50.3502
0.168514	-50.3523
0.168514	-50.3524
0.168515	-50.3526
0.168515	-50.3521
0.168517	-50.3536
0.168517	-50.3519
0.168518	-50.3527
0.168519	-50.3519
0.168519	-50.3552
0.168519	-50.3545
0.16852	-50.3533
0.16852	-50.3542
0.16852	-50.3535
0.16852	-50.3528
0.168521	-50.3536
0.168524	-50.3539
0.168525	-50.3542
0.168526	-50.3547
0.168527	-50.357
0.168527	-50.3576
0.168532	-50.3586
0.168535	-50.3582
0.168744	-50.3711
0.169108	-50.2021
0.169171	-50.161
0.169175	-50.159
0.169177	-50.16
0.16918	-50.1609
0.169182	-50.1644
0.169184	-50.1627
0.169186	-50.165
0.169186	-50.1652
0.169186	-50.1641
0.169187	-50.1658
0.169187	-50.1642
0.169188	-50.165
0.169188	-50.1634
0.169189	-50.1638
0.169191	-50.1662
0.169192	-50.1659
0.169193	-50.1641
0.169193	-50.1649
0.169194	-50.1643
0.169195	-50.1674
0.169196	-50.1662
0.169198	-50.1657
0.169198	-50.1669
0.169199	-50.1685
0.169202	-50.169
0.169203	-50.169
0.169205	-50.171
0.169205	-50.1701
0.169205	-50.1693
0.169206	-50.1698
0.169212	-50.1734
0.169329	-50.1875
0.169691	-50.0424
0.169851	-49.9751
0.169854	-49.9734
0.169855	-49.9741
0.169857	-49.976
0.169859	-49.9748
0.169861	-49.9783
0.169861	-49.9746
0.169861	-49.9784
0.169863	-49.9784
0.169863	-49.9753
0.169864	-49.9771
0.169864	-49.9759
0.169865	-49.9784
0.169866	-49.9786
0.169866	-49.9783
0.169866	-49.9785
0.169866	-49.976
0.169868	-49.9799
0.169868	-49.9772
0.169869	-49.9776
0.169871	-49.9805
0.169872	-49.9792
0.169872	-49.9797
0.169873	-49.9809
0.169873	-49.9798
0.169874	-49.9794
0.169874	-49.9789
0.169876	-49.9809
0.169877	-49.9811
0.169884	-49.9836
0.169889	-49.9865
0.16995	-49.9981
0.170273	-49.9016
0.170529	-49.7911
0.170529	-49.7892
0.170531	-49.7884
0.170531	-49.7911
0.170535	-49.7913
0.170537	-49.7919
0.170537	-49.7906
0.170537	-49.7903
0.170539	-49.793
0.17054	-49.7917
0.170542	-49.7929
0.170542	-49.793
0.170542	-49.7919
0.170542	-49.7937
0.170543	-49.7949
0.170544	-49.7941
0.170544	-49.793
0.170545	-49.7926
0.170546	-49.7939
0.170548	-49.7966
0.170548	-49.794
0.170549	-49.7959
0.170549	-49.7967
0.170549	-49.798
0.170549	-49.7935
0.17055	-49.7965
0.170551	-49.7953
0.170553	-49.7978
0.170554	-49.795
0.170556	-49.7985
0.170563	-49.7971
0.170581	-49.7978
0.170878	-49.7622
0.171198	-49.6049
0.171204	-49.6195
0.171207	-49.608
0.17121	-49.6058
0.171212	-49.6042
0.171212	-49.6103
0.171212	-49.608
0.171212	-49.6097
0.171213	-49.6072
0.171213	-49.6086
0.171215	-49.6079
0.171215	-49.6085
0.171215	-49.6093
0.171216	-49.6095
0.171216	-49.61
0.171218	-49.611
0.17122	-49.6121
0.17122	-49.6095
0.171222	-49.6132
0.171225	-49.6106
0.171225	-49.6131
0.171227	-49.6115
0.171227	-49.6108
0.171228	-49.6135
0.171229	-49.6128
0.171229	-49.6146
0.17123	-49.6127
0.171231	-49.6151
0.171231	-49.6132
0.171232	-49.6149
0.171233	-49.6147
0.171237	-49.6135
0.171497	-49.6131
0.171829	-49.45
0.171876	-49.4225
0.171881	-49.4244
0.171882	-49.4223
0.171883	-49.4225
0.171884	-49.4237
0.171891	-49.4251
0.171892	-49.4246
0.171892	-49.4236
0.171893	-49.4244
0.171893	-49.4261
0.171895	-49.4245
0.171895	-49.4281
0.171895	-49.4281
0.171896	-49.4258
0.171896	-49.428
0.171897	-49.4263
0.171898	-49.4286
0.171898	-49.427
0.171898	-49.4252
0.171899	-49.4282
0.1719	-49.4299
0.1719	-49.4278
0.171901	-49.4268
0.171901	-49.4283
0.171902	-49.4287
0.171902	-49.4268
0.171905	-49.43
0.171906	-49.4285
0.171906	-49.4306
0.171908	-49.4314
0.171909	-49.4312
0.172097	-49.4298
0.17244	-49.3014
0.172547	-49.2384
0.172555	-49.2373
0.17256	-49.2394
0.172562	-49.2421
0.172565	-49.2411
0.172565	-49.2426
0.172565	-49.243
0.172566	-49.2416
0.172566	-49.2424
0.172567	-49.2421
0.172567	-49.2439
0.172568	-49.2427
0.172568	-49.2408
0.172569	-49.2423
0.172569	-49.2435
0.172569	-49.2446
0.172572	-49.2424
0.172572	-49.2439
0.172572	-49.2422
0.172572	-49.2418
0.172573	-49.2433
0.172574	-49.2445
0.172576	-49.2446
0.172577	-49.2444
0.172577	-49.246
0.17258	-49.2448
0.172581	-49.245
0.172581	-49.2475
0.172583	-49.245
0.172583	-49.2487
0.172584	-49.2451
0.172683	-49.2339
0.173035	-49.1648
0.173224	-49.0502
0.173225	-49.0508
0.173226	-49.0534
0.173229	-49.0537
0.173234	-49.0537
0.173236	-49.0532
0.173237	-49.0541
0.17324	-49.056
0.173243	-49.059
0.173244	-49.0566
0.173244	-49.0572
0.173244	-49.0562
0.173245	-49.0569
0.173245	-49.058
0.173245	-49.0595
0.173245	-49.0582
0.173246	-49.0588
0.173247	-49.0594
0.173248	-49.0599
0.173249	-49.0582
0.173249	-49.0588
0.173251	-49.0578
0.173251	-49.061
0.173252	-49.0575
0.173254	-49.0602
0.173255	-49.0595
0.173255	-49.0618
0.173255	-49.0621
0.173256	-49.0608
0.173258	-49.0621
0.17327	-49.0629
0.173312	-49.0467
0.173624	-49.0147
0.173907	-48.8749
0.173911	-48.8746
0.173912	-48.8754
0.173913	-48.8741
0.173914	-48.8747
0.173914	-48.8742
0.173914	-48.8744
0.173915	-48.8754
0.173917	-48.8776
0.173917	-48.8748
0.173917	-48.8744
0.173917	-48.8799
0.173918	-48.8769
0.173919	-48.8748
0.173919	-48.8776
0.173919	-48.8766
0.173919	-48.8768
0.17392	-48.8767
0.17392	-48.875
0.173924	-48.8789
0.173924	-48.8768
0.173924	-48.8761
0.173927	-48.8787
0.173927	-48.8785
0.173928	-48.8802
0.173929	-48.8787
0.173929	-48.8808
0.173929	-48.867
0.17393	-48.8811
0.173935	-48.8794
0.173935	-48.882
0.173939	-48.8813
0.174224	-48.8542
0.174566	-48.7119
0.174578	-48.689
0.17458	-48.6872
0.174582	-48.6888
0.174583	-48.6875
0.174584	-48.6905
0.174585	-48.6883
0.174588	-48.6905
0.174588	-48.6922
0.17459	-48.6897
0.174591	-48.6918
0.174591	-48.6905
0.174592	-48.6911
0.174593	-48.6896
0.174593	-48.6914
0.174594	-48.6926
0.174595	-48.6907
0.174595	-48.6895
0.174595	-48.6942
0.174596	-48.6919
0.174597	-48.6933
0.174597	-48.6946
0.174599	-48.6931
0.174599	-48.6935
0.174599	-48.6931
0.1746	-48.6949
0.174601	-48.6926
0.174602	-48.6949
0.174603	-48.6958
0.174604	-48.6958
0.174604	-48.6956
0.174616	-48.6964
0.174832	-48.6692
0.175178	-48.56
0.175254	-48.5066
0.175257	-48.5076
0.17526	-48.508
0.175262	-48.5067
0.175266	-48.5068
0.175266	-48.5077
0.175267	-48.5085
0.175267	-48.5087
0.175267	-48.5087
0.175268	-48.508
0.175268	-48.5075
0.175268	-48.5077
0.175268	-48.508
0.175268	-48.5109
0.175268	-48.5075
0.17527	-48.5104
0.17527	-48.5096
0.175271	-48.5101
0.175271	-48.5117
0.175271	-48.5119
0.175271	-48.5105
0.175272	-48.5105
0.175272	-48.5114
0.175272	-48.5094
0.175273	-48.5126
0.175276	-48.5116
0.175279	-48.5107
0.17528	-48.5132
0.175285	-48.5132
0.175287	-48.5147
0.175289	-48.5164
0.175403	-48.4741
0.175792	-48.4236
0.175932	-48.3239
0.175937	-48.3276
0.17594	-48.3256
0.175941	-48.3267
0.175943	-48.3265
0.175944	-48.3279
0.175944	-48.3284
0.175944	-48.329
0.175944	-48.3277
0.175945	-48.3292
0.175946	-48.3286
0.175946	-48.3298
0.175947	-48.3306
0.175948	-48.3286
0.175948	-48.328
0.175949	-48.3312
0.175949	-48.3316
0.175949	-48.3285
0.175951	-48.3295
0.175951	-48.3324
0.175952	-48.3288
0.175953	-48.3322
0.175953	-48.3304
0.175953	-48.3318
0.175955	-48.3314
0.175957	-48.3329
0.175959	-48.3341
0.17596	-48.3329
0.175962	-48.3347
0.175962	-48.3335
0.175963	-48.3341
0.176021	-48.303
0.176373	-48.2648
0.176604	-48.1412
0.176611	-48.1427
0.176612	-48.1408
0.176613	-48.1423
0.176613	-48.1429
0.176617	-48.1423
0.176617	-48.1425
0.176617	-48.1418
0.176619	-48.1458
0.17662	-48.1438
0.176621	-48.144
0.176622	-48.1442
0.176622	-48.1436
0.176623	-48.1461
0.176624	-48.1451
0.176625	-48.1472
0.176627	-48.1447
0.176628	-48.1465
0.176628	-48.147
0.176628	-48.1478
0.176629	-48.1453
0.17663	-48.1474
0.17663	-48.1476
0.17663	-48.1467
0.176631	-48.1461
0.176633	-48.1478
0.176636	-48.15
0.176636	-48.1497
0.176636	-48.1469
0.176638	-48.1514
0.176639	-48.1491
0.17665	-48.1335
0.176962	-48.0979
0.177282	-47.958
0.177285	-47.9562
0.177286	-47.9562
0.177287	-47.9596
0.177288	-47.9547
0.17729	-47.9597
0.177291	-47.9595
0.177293	-47.961
0.177294	-47.9592
0.177294	-47.9598
0.177295	-47.9607
0.177296	-47.9613
0.177296	-47.9609
0.177297	-47.9594
0.177297	-47.9614
0.177299	-47.9602
0.177299	-47.9765
0.177299	-47.9608
0.1773	-47.9612
0.1773	-47.9631
0.177301	-47.9603
0.177301	-47.9616
0.177301	-47.9627
0.177301	-47.9607
0.177302	-47.9633
0.177303	-47.9626
0.177305	-47.9624
0.177309	-47.9637
0.177309	-47.9643
0.177311	-47.9636
0.177312	-47.9667
0.177314	-47.967
0.177568	-47.9112
0.177918	-47.8212
0.177955	-47.7674
0.17796	-47.7709
0.17796	-47.7697
0.177963	-47.7708
0.177964	-47.7698
0.177964	-47.7727
0.177965	-47.7708
0.177967	-47.7712
0.177968	-47.771
0.177968	-47.7745
0.177969	-47.7739
0.17797	-47.7731
0.177971	-47.7723
0.177974	-47.7737
0.177976	-47.7749
0.177976	-47.7763
0.177976	-47.7759
0.177976	-47.774
0.177977	-47.775
0.177977	-47.7757
0.177977	-47.7742
0.177978	-47.7761
0.177979	-47.774
0.17798	-47.7761
0.17798	-47.777
0.177981	-47.774
0.177981	-47.7743
0.177982	-47.7765
0.177982	-47.7748
0.177987	-47.7775
0.177993	-47.7799
0.17816	-47.7315
0.178531	-47.6644
0.178632	-47.5798
0.178637	-47.582
0.17864	-47.5818
0.178644	-47.5814
0.178644	-47.582
0.178644	-47.5821
0.178645	-47.5836
0.178645	-47.5849
0.178646	-47.5847
0.178646	-47.5843
0.178646	-47.5849
0.178647	-47.5827
0.178647	-47.5823
0.178648	-47.584
0.178648	-47.5837
0.178649	-47.585
0.17865	-47.5853
0.178651	-47.5839
0.178651	-47.5829
0.178652	-47.5853
0.178652	-47.5834
0.178653	-47.5866
0.178653	-47.5851
0.178655	-47.5859
0.178656	-47.5843
0.178656	-47.5865
0.178657	-47.5881
0.178658	-47.5855
0.178658	-47.5856
0.178659	-47.5868
0.17866	-47.589
0.178751	-47.5553
0.179116	-47.4926
0.179304	-47.3879
0.17931	-47.3892
0.179315	-47.3905
0.179318	-47.3914
0.179318	-47.3889
0.179319	-47.392
0.179319	-47.3899
0.179321	-47.3899
0.179321	-47.3916
0.179322	-47.3896
0.179322	-47.3899
0.179322	-47.3911
0.179324	-47.3914
0.179325	-47.392
0.179326	-47.392
0.179328	-47.3922
0.179328	-47.3931
0.179329	-47.3911
0.179329	-47.3917
0.17933	-47.393
0.17933	-47.3944
0.17933	-47.3927
0.179331	-47.3936
0.179331	-47.392
0.179333	-47.3932
0.179333	-47.3943
0.179333	-47.3946
0.179336	-47.396
0.179339	-47.3936
0.179342	-47.3954
0.179342	-47.3973
0.179373	-47.3788
0.179704	-47.3284
0.179972	-47.1919
0.179989	-47.194
0.179989	-47.1935
0.179991	-47.1916
0.179991	-47.1942
0.179994	-47.1927
0.179994	-47.1951
0.179995	-47.1938
0.179996	-47.1929
0.179997	-47.1959
0.179997	-47.1957
0.179998	-47.1952
0.179999	-47.1952
0.179999	-47.1937
0.179999	-47.1971
0.179999	-47.1959
0.179999	-47.1947
0.179999	-47.1952
0.18	-47.195
0.180001	-47.1948
0.180004	-47.1957
0.180005	-47.192
0.180007	-47.1962
0.180007	-47.1971
0.180007	-47.1979
0.180008	-47.1981
0.180009	-47.1997
0.180009	-47.1962
0.18001	-47.1979
0.180011	-47.1984
0.180017	-47.2003
0.180024	-47.2034
0.180296	-47.1293
0.180639	-47.0339
0.180663	-46.9948
0.180668	-46.996
0.18067	-46.9956
0.18067	-46.9946
0.18067	-46.9946
0.180671	-46.9955
0.180672	-46.9954
0.180672	-46.9962
0.180673	-46.9952
0.180673	-46.9977
0.180673	-46.9969
0.180673	-46.9953
0.180676	-46.9979
0.180676	-46.997
0.180677	-46.9961
0.180678	-46.9972
0.180679	-46.9986
0.180679	-46.9995
0.18068	-46.9996
0.18068	-46.9963
0.180682	-46.9987
0.180682	-46.9981
0.180683	-46.9994
0.180684	-46.9995
0.180686	-46.9977
0.180687	-46.9982
0.180687	-46.9981
0.180687	-46.999
0.180689	-46.9995
0.180689	-47.0019
0.180693	-46.9994
0.180871	-46.9419
0.18127	-46.8602
0.181336	-46.7884
0.181339	-46.7888
0.181343	-46.789
0.181345	-46.7907
0.181346	-46.7919
0.181347	-46.791
0.181347	-46.793
0.18135	-46.7933
0.181351	-46.791
0.181351	-46.7928
0.181352	-46.7923
0.181352	-46.794
0.181352	-46.7906
0.181352	-46.7919
0.181352	-46.7915
0.181353	-46.791
0.181354	-46.7934
0.181355	-46.7946
0.181356	-46.7951
0.181357	-46.7957
0.181359	-46.7932
0.181359	-46.794
0.18136	-46.7951
0.18136	-46.7933
0.18136	-46.7948
0.181361	-46.794
0.181363	-46.7966
0.181363	-46.7961
0.181365	-46.7942
0.181367	-46.7967
0.181374	-46.7991
0.181447	-46.7539
0.181866	-46.6779
0.18201	-46.581
0.182011	-46.5844
0.182012	-46.5819
0.182016	-46.5858
0.182018	-46.584
0.182022	-46.5853
0.182025	-46.5855
0.182025	-46.5874
0.182026	-46.5873
0.182026	-46.587
0.182027	-46.5873
0.182027	-46.587
0.182029	-46.5877
0.182029	-46.5865
0.182029	-46.5884
0.18203	-46.5895
0.18203	-46.5872
0.182032	-46.5892
0.182032	-46.5901
0.182033	-46.5894
0.182034	-46.5881
0.182034	-46.5876
0.182035	-46.589
0.182035	-46.59
0.182035	-46.5888
0.182036	-46.5885
0.182038	-46.5909
0.182039	-46.5906
0.18204	-46.5888
0.18204	-46.5888
0.182047	-46.5938
0.182061	-46.5664
0.182476	-46.5065
0.182694	-46.3866
0.182696	-46.3875
0.182697	-46.3848
0.182699	-46.3868
0.1827	-46.3877
0.1827	-46.3881
0.1827	-46.3852
0.1827	-46.3862
0.182701	-46.3854
0.182701	-46.3871
0.182701	-46.3863
0.182701	-46.3881
0.182701	-46.3868
0.182701	-46.3871
0.182702	-46.3863
0.182702	-46.3857
0.182703	-46.3892
0.182703	-46.3869
0.182704	-46.3873
0.182704	-46.3883
0.182704	-46.3866
0.182706	-46.3883
0.182706	-46.389
0.182707	-46.3892
0.182708	-46.3885
0.182709	-46.3894
0.182709	-46.3898
0.18271	-46.3879
0.182711	-46.3905
0.182714	-46.3899
0.182717	-46.3841
0.182724	-46.3919
0.182996	-46.3013
0.183365	-46.2013
0.183367	-46.2037
0.183369	-46.2302
0.183372	-46.2047
0.183373	-46.2049
0.183373	-46.204
0.183374	-46.206
0.183375	-46.2046
0.183376	-46.2045
0.183376	-46.2045
0.183377	-46.2053
0.183378	-46.2059
0.183379	-46.2061
0.183379	-46.2071
0.183381	-46.2055
0.183381	-46.2063
0.183381	-46.2085
0.183381	-46.2079
0.183381	-46.2082
0.183382	-46.2057
0.183382	-46.2064
0.183382	-46.2074
0.183382	-46.2063
0.183383	-46.2069
0.183385	-46.2085
0.183386	-46.2071
0.183389	-46.2084
0.18339	-46.2078
0.183392	-46.2094
0.183393	-46.2105
0.183395	-46.2118
0.183398	-46.2119
0.183605	-46.1478
0.184001	-46.0956
0.184029	-46.0642
0.184035	-46.0633
0.184042	-46.0653
0.184043	-46.0675
0.184046	-46.066
0.184047	-46.0682
0.184048	-46.0674
0.18405	-46.0685
0.184051	-46.0688
0.184053	-46.0694
0.184053	-46.0681
0.184053	-46.0684
0.184053	-46.0702
0.184055	-46.07
0.184056	-46.0691
0.184056	-46.0685
0.184057	-46.0696
0.184057	-46.0701
0.184057	-46.0693
0.184057	-46.0694
0.184059	-46.07
0.184059	-46.0694
0.18406	-46.0707
0.18406	-46.0706
0.18406	-46.0711
0.18406	-46.07
0.184062	-46.071
0.184066	-46.073
0.184066	-46.0729
0.184072	-46.0738
0.184075	-46.074
0.184195	-46.035
0.184598	-45.9878
0.184712	-45.9961
0.18472	-45.9967
0.184721	-45.9977
0.184724	-45.9981
0.184724	-45.9974
0.184724	-45.9988
0.184725	-45.9996
0.184725	-45.9986
0.184726	-45.9992
0.184726	-45.9999
0.184728	-45.9996
0.184729	-45.9987
0.184729	-45.9994
0.184729	-46.0001
0.184729	-46.0002
0.18473	-45.9996
0.184731	-46.001
0.184733	-46.0008
0.184734	-46.0012
0.184735	-46.0017
0.184735	-46.0006
0.184736	-46.0007
0.184736	-46.002
0.18474	-46.0025
0.184741	-46.0028
0.184742	-46.0029
0.184746	-46.0047
0.184747	-46.0034
0.184748	-46.005
0.184749	-46.0041
0.184752	-46.0051
0.184782	-45.9806
0.185189	-45.9246
0.185387	-45.995
0.185388	-45.9961
0.185391	-45.9963
0.1854	-45.9988
0.185401	-45.999
0.185403	-45.9996
0.185403	-46
0.185404	-46.0004
0.185406	-46.0006
0.185406	-45.9997
0.185407	-46.0006
0.185407	-46.0003
0.185407	-46.0001
0.185409	-46.0008
0.18541	-46.0007
0.18541	-46.0015
0.185411	-46.0015
0.185411	-46.0021
0.185411	-46.0015
0.185413	-46.0021
0.185415	-46.0032
0.185416	-46.003
0.185416	-46.0026
0.185418	-46.0036
0.185419	-46.0031
0.185419	-46.0041
0.18542	-46.0037
0.185421	-46.0044
0.185422	-46.0046
0.185422	-46.0047
0.185422	-45.9985
0.185428	-46.0055
0.185765	-45.9127
0.186066	-46.0185
0.186067	-46.0184
0.186071	-46.0196
0.186072	-46.0195
0.186072	-46.0197
0.186073	-46.0205
0.186076	-46.0205
0.186077	-46.021
0.186077	-46.0213
0.186079	-46.0217
0.186082	-46.0222
0.186082	-46.0225
0.186085	-46.0232
0.186085	-46.0228
0.186086	-46.0235
0.186086	-46.0231
0.186087	-46.0235
0.186087	-46.023
0.186087	-46.0234
0.186087	-46.0235
0.186087	-46.0238
0.186088	-46.0241
0.186088	-46.0239
0.186089	-46.0239
0.186093	-46.0255
0.186095	-46.0252
0.186096	-46.0256
0.186096	-46.0261
0.186099	-46.0266
0.186099	-46.0267
0.186104	-46.028
0.186104	-46.0282
0.186315	-45.9515
0.186714	-45.9568
0.18673	-45.9727
0.18675	-45.9776
0.18675	-45.9776
0.186751	-45.9775
0.186752	-45.9778
0.186753	-45.9777
0.186753	-45.9779
0.186754	-45.9783
0.186754	-45.9785
0.186754	-45.9784
0.186755	-45.9789
0.186756	-45.9791
0.186757	-45.9788
0.186759	-45.9797
0.18676	-45.9794
0.18676	-45.9797
0.186761	-45.9799
0.186762	-45.9802
0.186762	-45.98
0.186763	-45.9809
0.186763	-45.9804
0.186764	-45.9808
0.186764	-45.9812
0.186766	-45.9813
0.186768	-45.9819
0.186772	-45.9825
0.186772	-45.9831
0.186772	-45.9826
0.186775	-45.9836
0.186777	-45.9842
0.186784	-45.9856
0.186904	-45.9382
0.18735	-45.7809
0.187415	-45.7168
0.187418	-45.7175
0.187422	-45.7183
0.187423	-45.7188
0.187423	-45.7185
0.187424	-45.719
0.187425	-45.7192
0.187426	-45.7195
0.187426	-45.7196
0.187429	-45.7202
0.18743	-45.7204
0.187432	-45.7208
0.187433	-45.7211
0.187433	-45.721
0.187434	-45.7212
0.187434	-45.7213
0.187434	-45.7216
0.187436	-45.7218
0.187437	-45.722
0.187437	-45.7222
0.187438	-45.7221
0.187439	-45.7226
0.18744	-45.7231
0.18744	-45.7227
0.187442	-45.723
0.187442	-45.7234
0.187444	-45.7239
0.187445	-45.724
0.187446	-45.7242
0.187448	-45.7247
0.187452	-45.7259
0.187503	-45.7029
0.187904	-45.4081
0.188087	-45.0821
0.188091	-45.0831
0.188091	-45.0829
0.188097	-45.0852
0.1881	-45.0857
0.1881	-45.0852
0.188101	-45.0856
0.188103	-45.0858
0.188103	-45.0864
0.188103	-45.0862
0.188103	-45.0864
0.188104	-45.0863
0.188105	-45.0871
0.188106	-45.087
0.188106	-45.087
0.188106	-45.087
0.188106	-45.0869
0.188107	-45.0829
0.188112	-45.0883
0.188113	-45.0887
0.188113	-45.0887
0.188115	-45.0889
0.188115	-45.0893
0.188116	-45.0893
0.188117	-45.0898
0.188119	-45.09
0.188121	-45.0908
0.188123	-45.0908
0.188123	-45.0911
0.188124	-45.0909
0.188125	-45.0918
0.188137	-45.0938
0.188493	-44.8105
0.188765	-44.1793
0.188776	-44.1805
0.188778	-44.1825
0.18878	-44.1822
0.188781	-44.1809
0.188783	-44.1826
0.188785	-44.1809
0.188785	-44.1814
0.188786	-44.1828
0.188787	-44.1846
0.188788	-44.1827
0.188788	-44.1843
0.188788	-44.1835
0.188788	-44.1841
0.188788	-44.1822
0.18879	-44.1841
0.18879	-44.1849
0.188792	-44.183
0.188793	-44.184
0.188793	-44.1846
0.188793	-44.185
0.188793	-44.1841
0.188794	-44.1843
0.188794	-44.186
0.188795	-44.1831
0.188795	-44.185
0.188795	-44.1842
0.188796	-44.1837
0.188797	-44.1841
0.188798	-44.1851
0.1888	-44.1874
0.188802	-44.187
0.189029	-43.995
0.189434	-43.2923
0.189442	-43.2878
0.189442	-43.2896
0.189443	-43.2865
0.189447	-43.2927
0.189449	-43.2926
0.18945	-43.2879
0.189451	-43.2901
0.189452	-43.2889
0.189454	-43.2927
0.189455	-43.2944
0.189457	-43.2894
0.189459	-43.2932
0.189461	-43.2918
0.189461	-43.2932
0.189462	-43.2945
0.189462	-43.291
0.189464	-43.2921
0.189464	-43.2958
0.189465	-43.2956
0.189465	-43.2901
0.189466	-43.2906
0.189466	-43.2937
0.189467	-43.2926
0.189467	-43.2917
0.189469	-43.2947
0.189469	-43.2954
0.189471	-43.2918
0.189472	-43.2962
0.189476	-43.298
0.189476	-43.2947
0.189482	-43.3
0.189593	-43.1764
0.190078	-42.5761
0.190125	-42.5898
0.190132	-42.5977
0.190132	-42.5925
0.190133	-42.5966
0.190133	-42.597
0.190133	-42.5977
0.190133	-42.6003
0.190135	-42.5927
0.190137	-42.6005
0.190137	-42.5975
0.190137	-42.5918
0.190137	-42.5954
0.190137	-42.6005
0.190137	-42.598
0.190138	-42.5951
0.190139	-42.6009
0.190139	-42.597
0.19014	-42.5965
0.19014	-42.5943
0.190142	-42.6003
0.190145	-42.5961
0.190145	-42.5938
0.190146	-42.5978
0.190146	-42.599
0.190146	-42.5932
0.190147	-42.5976
0.190149	-42.5955
0.19015	-42.5975
0.19015	-42.6023
0.190152	-42.6032
0.190161	-42.5978
0.190195	-42.5444
0.190652	-42.0143
0.1908	-42.0579
0.190801	-42.0574
0.190801	-42.0593
0.190803	-42.0625
0.190805	-42.0624
0.190807	-42.0611
0.190807	-42.0676
0.190808	-42.0635
0.190809	-42.0609
0.19081	-42.0654
0.19081	-42.058
0.19081	-42.0616
0.190811	-42.0608
0.190812	-42.0583
0.190813	-42.0661
0.190814	-42.0577
0.190815	-42.0614
0.190815	-42.0677
0.190817	-42.063
0.190817	-42.0646
0.190817	-42.0643
0.190817	-42.0663
0.190819	-42.0693
0.190823	-42.0602
0.190826	-42.0712
0.190826	-42.0684
0.190826	-42.0603
0.190827	-42.0622
0.190827	-42.0705
0.190829	-42.0631
0.190832	-42.0711
0.190837	-42.0745
0.191226	-41.6544
0.191471	-41.675
0.191474	-41.6795
0.191482	-41.6877
0.191482	-41.6872
0.191483	-41.6852
0.191484	-41.6836
0.191487	-41.6867
0.191488	-41.677
0.191489	-41.6899
0.191489	-41.6808
0.19149	-41.682
0.191491	-41.6866
0.191493	-41.6813
0.191493	-41.6866
0.191494	-41.6832
0.191494	-41.679
0.191495	-41.6877
0.191495	-41.6813
0.191496	-41.6863
0.191496	-41.6896
0.191496	-41.6895
0.191498	-41.6893
0.191498	-41.6814
0.191499	-41.6797
0.1915	-41.686
0.191501	-41.6831
0.191501	-41.6864
0.191502	-41.6867
0.191504	-41.6796
0.191515	-41.685
0.191515	-41.6882
0.191518	-41.6832
0.191737	-41.5102
0.192142	-41.5227
0.192153	-41.5263
0.192155	-41.5339
0.192158	-41.5304
0.192159	-41.525
0.192159	-41.5294
0.19216	-41.5308
0.19216	-41.5269
0.192161	-41.5276
0.192164	-41.5345
0.192164	-41.5383
0.192165	-41.5308
0.192165	-41.5301
0.192165	-41.5308
0.192166	-41.5354
0.192166	-41.5295
0.192166	-41.5344
0.192167	-41.5365
0.192168	-41.5271
0.192168	-41.5378
0.19217	-41.5277
0.19217	-41.538
0.19217	-41.5335
0.192171	-41.5396
0.192171	-41.5282
0.192172	-41.5364
0.192174	-41.5349
0.192175	-41.535
0.192175	-41.5314
0.192179	-41.537
0.192181	-41.5408
0.192184	-41.5423
0.192309	-41.4892
0.192797	-41.589
0.192817	-41.5756
0.192822	-41.5823
0.192825	-41.5777
0.192827	-41.5814
0.192829	-41.5831
0.192832	-41.5848
0.192834	-41.5871
0.192836	-41.5789
0.192837	-41.5873
0.192838	-41.5824
0.192838	-41.5828
0.192841	-41.582
0.192841	-41.5803
0.192842	-41.5896
0.192842	-41.579
0.192843	-41.5897
0.192844	-41.5842
0.192845	-41.588
0.192845	-41.5857
0.192845	-41.591
0.192845	-41.5909
0.192846	-41.5826
0.192846	-41.5804
0.192846	-41.589
0.192848	-41.5865
0.192848	-41.5856
0.192849	-41.5909
0.19285	-41.5893
0.192854	-41.5831
0.192855	-41.586
0.192863	-41.5904
0.192896	-41.5913
0.193391	-41.7746
0.193501	-41.7745
0.193504	-41.7709
0.193505	-41.7716
0.193506	-41.7738
0.193509	-41.7817
0.193509	-41.7784
0.193511	-41.7806
0.193511	-41.7779
0.193512	-41.7817
0.193513	-41.7748
0.193513	-41.7769
0.193514	-41.7754
0.193514	-41.7741
0.193516	-41.7811
0.193516	-41.7753
0.193518	-41.777
0.193519	-41.7809
0.193519	-41.7796
0.193519	-41.7827
0.193519	-41.78
0.193519	-41.7771
0.19352	-41.7781
0.193521	-41.784
0.193523	-41.7811
0.193524	-41.7836
0.193527	-41.7829
0.193527	-41.7803
0.193527	-41.7836
0.193527	-41.7764
0.193532	-41.7821
0.193534	-41.7785
0.193546	-41.7904
0.193962	-41.997
0.194175	-41.9812
0.194177	-41.9857
0.194179	-41.9825
0.194182	-41.9821
0.194183	-41.9861
0.194185	-41.99
0.194189	-41.9915
0.19419	-41.9895
0.19419	-41.983
0.19419	-41.9857
0.19419	-41.9885
0.194191	-41.9891
0.194191	-41.9909
0.194192	-41.9838
0.194193	-41.9915
0.194193	-41.9861
0.194193	-41.9873
0.194194	-41.9922
0.194195	-41.9905
0.194195	-41.9894
0.194195	-41.9911
0.194197	-41.9915
0.194202	-41.9901
0.194203	-41.9861
0.194204	-41.9898
0.194204	-41.9902
0.194204	-41.9894
0.194205	-41.9914
0.194207	-41.9874
0.194208	-41.9955
0.194212	-41.991
0.194213	-41.9898
0.194465	-42.1187
0.194851	-42.0084
0.194852	-42.0076
0.194857	-42.0133
0.194857	-42.0167
0.194859	-42.0163
0.194859	-42.0162
0.19486	-42.0127
0.194861	-42.0173
0.194865	-42.0168
0.194865	-42.0166
0.194866	-42.0153
0.194866	-42.0194
0.194867	-42.019
0.194868	-42.0162
0.194868	-42.0152
0.19487	-42.0182
0.19487	-42.0119
0.194872	-42.017
0.194873	-42.0127
0.194873	-42.0206
0.194874	-42.0199
0.194874	-42.0153
0.194874	-42.0168
0.194881	-42.0175
0.194882	-42.0156
0.194883	-42.0168
0.194884	-42.0167
0.194884	-42.0176
0.194885	-42.0147
0.194888	-42.0208
0.194889	-42.0174
0.194889	-42.0167
0.195021	-42.0284
0.195513	-41.575
0.195527	-41.574
0.195535	-41.5724
0.195536	-41.5725
0.195537	-41.574
0.195538	-41.5801
0.19554	-41.5803
0.19554	-41.5719
0.19554	-41.5752
0.19554	-41.5816
0.195541	-41.575
0.195542	-41.5767
0.195543	-41.573
0.195544	-41.5809
0.195544	-41.5722
0.195545	-41.5724
0.195545	-41.5782
0.195547	-41.5798
0.195548	-41.5801
0.195549	-41.5818
0.19555	-41.5792
0.19555	-41.576
0.195552	-41.5765
0.195552	-41.5821
0.195554	-41.5816
0.195554	-41.5788
0.195557	-41.582
0.195559	-41.5801
0.19556	-41.578
0.195561	-41.5767
0.195561	-41.5822
0.195567	-41.5764
0.195588	-41.5111
0.196136	-40.5114
0.196193	-40.4348
0.196202	-40.4482
0.196206	-40.4406
0.196207	-40.4409
0.196208	-40.4488
0.196208	-40.451
0.196209	-40.4519
0.196211	-40.4486
0.196213	-40.4437
0.196213	-40.447
0.196214	-40.4458
0.196214	-40.4478
0.196216	-40.4419
0.196219	-40.4463
0.19622	-40.4438
0.19622	-40.448
0.196221	-40.4484
0.196226	-40.4416
0.196226	-40.4518
0.196226	-40.4454
0.196227	-40.4425
0.196229	-40.4477
0.19623	-40.4526
0.19623	-40.4437
0.19623	-40.4548
0.19623	-40.4422
0.196231	-40.4482
0.196233	-40.4418
0.196233	-40.4451
0.196235	-40.4495
0.196238	-40.4555
0.19625	-40.4587
0.196693	-38.9869
0.196874	-38.799
0.196881	-38.7919
0.196882	-38.7896
0.196882	-38.7943
0.196884	-38.7975
0.196885	-38.787
0.196889	-38.7871
0.196889	-38.7966
0.196892	-38.7858
0.196892	-38.7843
0.196895	-38.7902
0.196897	-38.7959
0.196899	-38.8013
0.196899	-38.8018
0.1969	-38.7863
0.196901	-38.7886
0.196901	-38.7882
0.196902	-38.8036
0.196903	-38.79
0.196903	-38.8009
0.196903	-38.795
0.196903	-38.7919
0.196904	-38.7967
0.196905	-38.7998
0.196906	-38.8014
0.196907	-38.7969
0.196909	-38.8031
0.196909	-38.806
0.196911	-38.7995
0.196913	-38.7955
0.196913	-38.7885
0.196922	-38.7949
0.197235	-37.6554
0.19756	-37.1788
0.197561	-37.1854
0.197561	-37.1936
0.197562	-37.1963
0.197562	-37.1874
0.197563	-37.1977
0.197564	-37.1848
0.197564	-37.1913
0.197566	-37.1979
0.197569	-37.1905
0.197569	-37.1786
0.197569	-37.1884
0.19757	-37.1922
0.19757	-37.1783
0.197572	-37.178
0.197573	-37.1952
0.197573	-37.1943
0.197574	-37.1908
0.197575	-37.1974
0.197577	-37.1954
0.197577	-37.181
0.197578	-37.1839
0.197579	-37.1843
0.197579	-37.1914
0.197579	-37.1848
0.19758	-37.1839
0.197581	-37.1888
0.197581	-37.1872
0.197585	-37.1872
0.197586	-37.1835
0.197592	-37.2
0.197593	-37.1995
0.197698	-36.6003
0.198229	-36.0788
0.198234	-36.0898
0.198237	-36.0877
0.19824	-36.0981
0.198241	-36.0893
0.198241	-36.0834
0.198242	-36.0846
0.198244	-36.0859
0.198247	-36.0904
0.198247	-36.095
0.198247	-36.0986
0.198247	-36.097
0.198247	-36.0849
0.198248	-36.0889
0.198248	-36.0969
0.198252	-36.1027
0.198253	-36.0942
0.198254	-36.1031
0.198254	-36.1034
0.198254	-36.1016
0.198256	-36.0896
0.198257	-36.0938
0.198258	-36.0823
0.198259	-36.0782
0.198259	-36.0835
0.19826	-36.0891
0.19826	-36.0957
0.198263	-36.0971
0.198263	-36.0851
0.198266	-36.0869
0.198268	-36.0998
0.198273	-36.1046
0.19828	-35.9496
0.198851	-35.5104
0.198901	-35.5814
0.198906	-35.5829
0.198907	-35.5734
0.198907	-35.5756
0.198908	-35.5795
0.19891	-35.578
0.198911	-35.583
0.198911	-35.5792
0.198912	-35.5876
0.198913	-35.5733
0.198915	-35.5802
0.198915	-35.5814
0.198918	-35.5932
0.198918	-35.5772
0.19892	-35.5902
0.198921	-35.5789
0.198922	-35.5866
0.198922	-35.573
0.198922	-35.5724
0.198926	-35.5783
0.198926	-35.5919
0.198927	-35.5844
0.198928	-35.5808
0.198928	-35.574
0.198929	-35.5876
0.198929	-35.5911
0.198929	-35.5889
0.19893	-35.5908
0.198931	-35.577
0.198932	-35.5943
0.198933	-35.5769
0.199286	-35.4552
0.199491	-35.5577
0.199498	-35.5437
0.199508	-35.5578
0.19951	-35.5608
0.199512	-35.5574
0.199513	-35.5535
0.199515	-35.5579
0.199515	-35.5555
0.199517	-35.5519
0.199517	-35.5492
0.199518	-35.5567
0.199518	-35.5471
0.199519	-35.5543
0.199521	-35.5481
0.199523	-35.5542
0.199523	-35.5518
0.199524	-35.5543
0.199524	-35.5623
0.199525	-35.5576
0.199525	-35.5523
0.199528	-35.5588
0.199533	-35.5611
0.199534	-35.563
0.199535	-35.5522
0.199535	-35.5544
0.199541	-35.5547
0.199861	-35.7106
0.200005	-35.8178
0.200014	-35.8212
0.200015	-35.8254
0.200016	-35.8264
0.200019	-35.8293
0.200019	-35.8223
0.20002	-35.8264
0.200022	-35.8251
0.200023	-35.8303
0.200023	-35.8249
0.200024	-35.827
0.200025	-35.8296
0.200027	-35.8218
0.20003	-35.8249
0.20003	-35.8246
0.200032	-35.8317
0.200033	-35.823
0.200037	-35.8298
0.200038	-35.8335
0.200042	-35.8246
0.200045	-35.8351
0.200106	-35.9186
0.200428	-36.1953
0.200429	-36.1993
0.200433	-36.1925
0.200433	-36.1989
0.200433	-36.194
0.200435	-36.1988
0.200438	-36.1977
0.200439	-36.197
0.200441	-36.2007
0.200444	-36.1961
0.200448	-36.2025
0.200448	-36.2
0.200448	-36.2005
0.200449	-36.1975
0.20045	-36.1962
0.200451	-36.1995
0.200453	-36.1966
0.200455	-36.199
0.200612	-36.3864
0.20076	-36.5319
0.200779	-36.5337
0.20078	-36.537
0.20078	-36.5359
0.20078	-36.5321
0.200782	-36.5315
0.200788	-36.5355
0.200793	-36.5375
0.200793	-36.5394
0.200798	-36.5378
0.200799	-36.5355
0.200801	-36.5368
0.200801	-36.539
0.200815	-36.5385
0.200817	-36.5439
0.201057	-36.7746
0.201059	-36.7727
0.201067	-36.7703
0.201068	-36.7703
0.201069	-36.7702
0.20107	-36.774
0.201071	-36.7755
0.201077	-36.7738
0.201077	-36.7711
0.20108	-36.774
0.201082	-36.7749
0.201087	-36.7745
0.20109	-36.7765
0.201285	-36.9183
0.201311	-36.9253
0.20132	-36.9276
0.201323	-36.926
0.201327	-36.9263
0.201328	-36.9286
0.201328	-36.9296
0.201332	-36.9287
0.201339	-36.9318
0.201339	-36.929
0.201341	-36.9433
0.201496	-37.0429
0.201499	-37.0429
0.201507	-37.0449
0.201516	-37.0455
0.201516	-37.0471
0.20152	-37.0462
0.201524	-37.0564
0.201531	-37.0504
0.201539	-37.0499
0.201676	-37.1576
0.201678	-37.1572
0.201683	-37.1589
0.201684	-37.1587
0.201686	-37.1595
0.201703	-37.1638
0.201706	-37.1588
0.201766	-37.2163
0.201822	-37.2594
0.201823	-37.2573
0.201839	-37.2616
0.201841	-37.2616
0.201852	-37.2641
0.20186	-37.2819
0.201945	-37.3366
0.201948	-37.3344
0.201952	-37.3355
0.201953	-37.3352
0.201971	-37.3387
0.202027	-37.3702
0.202044	-37.3735
0.202045	-37.3726
0.202048	-37.3712
0.202099	-37.3752
0.202133	-37.3746
0.202139	-37.3762
0.202147	-37.3771
0.202187	-37.3385
0.202201	-37.3417
0.202211	-37.3433
0.202251	-37.2816
0.202273	-37.2856
0.202291	-37.1991
0.202298	-37.1626
0.202306	-37.2484
0.202332	-37.1078
0.202343	-37.0424
0.202367	-36.9041
0.202379	-36.9918
0.202417	-36.7044
0.202444	-36.8176
0.202471	-36.4604
0.202476	-36.596
0.202503	-36.2907
0.20253	-35.8768
0.202533	-36.0934
0.202557	-35.6763
0.202579	-35.3838
0.202587	-35.0563
0.202629	-34.8885
0.202651	-34.2566
0.202675	-34.1587
0.202701	-33.353
0.202707	-33.1204
0.202732	-31.7199
0.202744	-32.4489
0.20275	-31.5191
0.202796	-29.9238
0.202799	-29.9237
0.202831	-28.0718
0.20286	-27.6646
0.202866	-25.5807
0.2029	-24.8258
0.202906	-21.4744
0.202926	-19.1949
0.202937	-9.92004
0.20296	-15.319
0.202982	-3.55807
)
