(title "Circumferential Averages")
(labels "Radius" "Axial Velocity")

((xy/key/label "")
0.142018	1.31844
0.14203	2.99609
0.142063	6.38908
0.142074	5.6631
0.142078	6.57548
0.142142	9.34424
0.142152	9.34493
0.142153	9.34499
0.142161	9.34553
0.1422	10.2792
0.142264	11.7438
0.142265	11.744
0.142268	11.7442
0.142268	11.7442
0.142272	11.7445
0.142276	11.7448
0.142283	11.7454
0.142444	13.6995
0.142455	13.9433
0.142457	13.9435
0.142458	13.9437
0.14246	13.9438
0.142463	13.9441
0.142466	13.9444
0.142467	13.9444
0.142467	13.9445
0.142468	13.9446
0.142474	13.9452
0.142622	15.3477
0.142736	16.4464
0.142738	16.4468
0.142739	16.447
0.14274	16.4468
0.142741	16.4468
0.142741	16.4469
0.142742	16.4472
0.142743	16.4472
0.142744	16.4474
0.142747	16.4475
0.142749	16.4478
0.14275	16.448
0.14275	16.4479
0.142755	16.4486
0.142756	16.4488
0.142891	17.4371
0.143115	19.1243
0.143124	19.1256
0.143126	19.1257
0.143127	19.1256
0.143128	19.1258
0.143128	19.1257
0.143128	19.1258
0.143129	19.1256
0.143129	19.1259
0.14313	19.126
0.143132	19.1264
0.143132	19.1262
0.143132	19.1266
0.143133	19.1263
0.143134	19.1267
0.143135	19.1269
0.143135	19.1267
0.143135	19.127
0.143138	19.1274
0.143138	19.1269
0.143147	19.128
0.143309	19.6219
0.143636	20.5495
0.143639	20.5504
0.14364	20.5501
0.14364	20.5506
0.14364	20.5499
0.143643	20.551
0.143643	20.5506
0.143643	20.551
0.143644	20.5508
0.143644	20.551
0.143644	20.5507
0.143645	20.5509
0.143647	20.5517
0.143648	20.5518
0.143648	20.5513
0.14365	20.5515
0.14365	20.5515
0.143651	20.5521
0.143653	20.5521
0.143654	20.5524
0.143655	20.5526
0.143655	20.5528
0.143656	20.5524
0.143658	20.5532
0.143658	20.5532
0.143659	20.5532
0.14366	20.5536
0.143665	20.5544
0.1441	20.7698
0.144288	20.8593
0.14429	20.8595
0.14429	20.8598
0.144295	20.8601
0.144295	20.8603
0.144295	20.8603
0.144295	20.8604
0.144297	20.8606
0.144297	20.8606
0.144297	20.8606
0.144297	20.8609
0.144298	20.8609
0.1443	20.8611
0.1443	20.8609
0.1443	20.8609
0.144301	20.8613
0.144301	20.8613
0.144302	20.8613
0.144302	20.8615
0.144303	20.8616
0.144303	20.8616
0.144303	20.8614
0.144305	20.8618
0.144305	20.8618
0.144305	20.862
0.144305	20.8618
0.144306	20.8621
0.144306	20.8621
0.144307	20.8622
0.144308	20.8622
0.144308	20.8625
0.144313	20.863
0.144313	20.863
0.144314	20.8632
0.144322	20.8643
0.145012	20.8887
0.145094	20.8919
0.145096	20.8922
0.145098	20.8926
0.145099	20.8928
0.1451	20.8928
0.145101	20.893
0.145102	20.893
0.145103	20.8934
0.145103	20.8936
0.145104	20.8933
0.145104	20.8936
0.145104	20.8934
0.145105	20.8938
0.145105	20.8936
0.145105	20.8939
0.145106	20.8937
0.145106	20.8938
0.145107	20.894
0.145108	20.8939
0.145108	20.8942
0.145109	20.8943
0.145109	20.8943
0.14511	20.8942
0.145111	20.8948
0.145111	20.8948
0.145111	20.8945
0.145111	20.8947
0.145111	20.8945
0.145111	20.8949
0.145112	20.8948
0.145112	20.8945
0.145113	20.8946
0.145113	20.895
0.145114	20.8951
0.145115	20.8952
0.145116	20.8954
0.145117	20.8953
0.145117	20.8955
0.145117	20.8951
0.145117	20.8951
0.145118	20.8957
0.145118	20.8953
0.1457	21.1839
0.146037	21.3706
0.146046	21.3719
0.146046	21.3724
0.14605	21.3727
0.14605	21.3724
0.146054	21.3742
0.146054	21.3743
0.146054	21.3736
0.146054	21.3743
0.146055	21.3734
0.146056	21.3737
0.146056	21.3737
0.146056	21.3744
0.146056	21.3735
0.146057	21.3734
0.146057	21.3737
0.146057	21.3734
0.146057	21.374
0.146058	21.3748
0.146059	21.3748
0.146059	21.3746
0.14606	21.3749
0.14606	21.3748
0.14606	21.3739
0.14606	21.3739
0.14606	21.3746
0.14606	21.3743
0.146061	21.3753
0.146061	21.3755
0.146061	21.3744
0.146062	21.3743
0.146062	21.3751
0.146063	21.3748
0.146063	21.375
0.146063	21.3747
0.146063	21.3751
0.146063	21.3753
0.146063	21.3756
0.146064	21.3754
0.146065	21.3753
0.146065	21.3755
0.146066	21.3756
0.146067	21.3685
0.146069	21.3766
0.146069	21.3755
0.14607	21.3753
0.146072	21.3768
0.146072	21.3763
0.146072	21.377
0.146076	21.3774
0.147145	21.9455
0.147152	21.9477
0.147153	21.9462
0.147153	21.9462
0.147154	21.9465
0.147155	21.9466
0.147155	21.9474
0.147155	21.9474
0.147155	21.9483
0.147156	21.9466
0.147156	21.9468
0.147157	21.9471
0.147157	21.9484
0.147157	21.9475
0.147157	21.9485
0.147158	21.9483
0.147159	21.9473
0.14716	21.9485
0.14716	21.9474
0.147161	21.9479
0.147162	21.9489
0.147162	21.948
0.147162	21.9489
0.147162	21.9487
0.147163	21.9491
0.147163	21.9488
0.147163	21.9495
0.147163	21.9493
0.147163	21.9484
0.147164	21.9441
0.147164	21.9491
0.147164	21.9488
0.147164	21.9491
0.147165	21.9489
0.147165	21.9486
0.147165	21.9483
0.147165	21.9479
0.147165	21.9491
0.147165	21.9495
0.147166	21.9491
0.147166	21.9487
0.147166	21.9491
0.147166	21.949
0.147166	21.948
0.147167	21.9494
0.147167	21.9481
0.147167	21.9483
0.147167	21.9486
0.147168	21.9503
0.14717	21.9495
0.147171	21.9492
0.147171	21.949
0.147171	21.9494
0.147171	21.9507
0.147173	21.9508
0.147175	21.951
0.147182	21.9524
0.147525	22.0034
0.148383	22.1203
0.14839	22.121
0.148392	22.1219
0.148392	22.1224
0.148393	22.1231
0.148394	22.1217
0.148395	22.1234
0.148396	22.123
0.148396	22.1223
0.148397	22.122
0.148397	22.1229
0.148397	22.124
0.148398	22.1239
0.148398	22.1227
0.148398	22.1237
0.148399	22.1224
0.1484	22.1232
0.1484	22.1245
0.1484	22.1233
0.148401	22.1245
0.148401	22.1239
0.148401	22.1245
0.148402	22.1244
0.148402	22.1231
0.148402	22.124
0.148402	22.1239
0.148403	22.1242
0.148404	22.1238
0.148404	22.1244
0.148404	22.1244
0.148405	22.1233
0.148405	22.1239
0.148405	22.1237
0.148405	22.1251
0.148405	22.1233
0.148405	22.1244
0.148405	22.124
0.148406	22.1237
0.148406	22.1241
0.148406	22.1251
0.148406	22.124
0.148407	22.1254
0.148407	22.1245
0.148407	22.1246
0.148407	22.1251
0.148407	22.1238
0.148408	22.1243
0.148408	22.1253
0.148408	22.125
0.148408	22.125
0.148408	22.1253
0.148408	22.1236
0.148408	22.1252
0.148408	22.1247
0.148409	22.1252
0.148409	22.1241
0.148409	22.1259
0.14841	22.1257
0.14841	22.1242
0.148411	22.1262
0.148411	22.125
0.148412	22.1248
0.148417	22.127
0.148436	22.1303
0.149756	22.1867
0.149758	22.1875
0.14976	22.1881
0.14976	22.1892
0.149761	22.1877
0.149761	22.1885
0.149761	22.1894
0.149762	22.1895
0.149762	22.1894
0.149762	22.1887
0.149764	22.188
0.149764	22.1895
0.149765	22.1885
0.149765	22.1888
0.149766	22.1893
0.149766	22.1892
0.149766	22.1901
0.149766	22.1892
0.149766	22.1883
0.149767	22.1895
0.149767	22.19
0.149767	22.189
0.149767	22.1898
0.149768	22.1898
0.149768	22.1894
0.149768	22.1894
0.149768	22.1889
0.149769	22.1889
0.14977	22.189
0.14977	22.189
0.14977	22.1903
0.149771	22.1895
0.149771	22.1903
0.149771	22.1906
0.149771	22.1905
0.149771	22.1895
0.149771	22.19
0.149771	22.1891
0.149772	22.1895
0.149773	22.1905
0.149773	22.1909
0.149773	22.1912
0.149773	22.1893
0.149773	22.191
0.149773	22.1904
0.149773	22.1897
0.149774	22.1903
0.149774	22.1907
0.149775	22.1896
0.149776	22.1898
0.149776	22.1903
0.149776	22.1896
0.149776	22.1912
0.149776	22.1913
0.149777	22.1903
0.149777	22.1905
0.149777	22.1906
0.149777	22.1903
0.149778	22.1907
0.149778	22.1904
0.149778	22.1908
0.149778	22.1918
0.149779	22.1914
0.149779	22.1903
0.149779	22.191
0.149781	22.1921
0.149781	22.1918
0.149784	22.1908
0.149789	22.1935
0.149793	22.1938
0.150975	22.1318
0.15123	22.1115
0.151235	22.1117
0.151237	22.1132
0.151237	22.1135
0.151238	22.1115
0.151238	22.1125
0.151238	22.1126
0.151239	22.113
0.151239	22.1134
0.15124	22.1123
0.15124	22.112
0.15124	22.1124
0.151242	22.114
0.151242	22.1129
0.151242	22.1128
0.151242	22.1129
0.151243	22.1133
0.151244	22.1145
0.151244	22.1128
0.151244	22.1127
0.151245	22.1128
0.151245	22.1141
0.151245	22.114
0.151245	22.1148
0.151246	22.1127
0.151246	22.1143
0.151246	22.1128
0.151246	22.1149
0.151247	22.1143
0.151247	22.1128
0.151247	22.1129
0.151247	22.1136
0.151247	22.114
0.151248	22.1138
0.151248	22.1149
0.151249	22.1132
0.15125	22.1147
0.151251	22.1142
0.151251	22.1151
0.151251	22.1157
0.151252	22.1153
0.151252	22.1138
0.151252	22.1146
0.151253	22.1159
0.151253	22.1138
0.151253	22.1149
0.151254	22.1156
0.151254	22.1155
0.151254	22.1139
0.151254	22.1151
0.151254	22.1146
0.151254	22.1154
0.151255	22.1161
0.151255	22.1152
0.151256	22.1144
0.151256	22.1146
0.151256	22.1161
0.151256	22.115
0.151257	22.1163
0.151257	22.1153
0.151257	22.1156
0.151257	22.1159
0.151257	22.1145
0.151258	22.1163
0.151258	22.1159
0.151258	22.115
0.151258	22.1158
0.15126	22.1162
0.151261	22.1166
0.151261	22.1158
0.151262	22.1163
0.151265	22.1158
0.151266	22.1166
0.151266	22.1161
0.151809	22.1259
0.152813	22.1677
0.152817	22.1685
0.152818	22.167
0.152819	22.1672
0.152821	22.1673
0.152821	22.1682
0.152822	22.1685
0.152823	22.167
0.152824	22.1695
0.152824	22.1689
0.152824	22.1689
0.152824	22.1686
0.152825	22.1682
0.152825	22.1676
0.152825	22.1686
0.152825	22.1678
0.152825	22.1685
0.152826	22.169
0.152826	22.1698
0.152826	22.1681
0.152826	22.1688
0.152827	22.1678
0.152827	22.1684
0.152828	22.168
0.152828	22.1682
0.152828	22.1679
0.152828	22.1687
0.152828	22.1699
0.152829	22.169
0.152829	22.1701
0.152829	22.1677
0.152829	22.168
0.152829	22.1698
0.15283	22.1678
0.15283	22.17
0.15283	22.168
0.15283	22.1698
0.15283	22.1694
0.152831	22.1703
0.152832	22.1702
0.152832	22.1705
0.152833	22.1683
0.152833	22.1701
0.152833	22.1707
0.152834	22.1686
0.152834	22.1706
0.152834	22.1684
0.152834	22.1697
0.152834	22.1688
0.152834	22.1701
0.152835	22.1701
0.152835	22.171
0.152835	22.1704
0.152835	22.1694
0.152835	22.17
0.152836	22.1698
0.152836	22.169
0.152836	22.1693
0.152837	22.1695
0.152837	22.171
0.152837	22.1693
0.152838	22.1711
0.152838	22.1701
0.152838	22.17
0.152838	22.1696
0.152839	22.1708
0.152839	22.1716
0.152839	22.1694
0.152839	22.1705
0.15284	22.1705
0.152841	22.1701
0.152841	22.1706
0.152841	22.1715
0.152842	22.1706
0.152843	22.1715
0.152847	22.1719
0.152848	22.1705
0.15285	22.173
0.152854	22.1719
0.153459	22.1126
0.154477	22.0523
0.154477	22.0524
0.15448	22.0502
0.15448	22.0507
0.154482	22.0529
0.154482	22.0525
0.154483	22.0524
0.154484	22.0522
0.154484	22.0518
0.154485	22.0536
0.154485	22.0515
0.154485	22.0528
0.154487	22.0535
0.154487	22.0519
0.154488	22.0535
0.154489	22.0523
0.154489	22.0541
0.154489	22.0522
0.15449	22.0527
0.15449	22.0543
0.15449	22.0537
0.15449	22.0537
0.15449	22.0532
0.154491	22.0534
0.154491	22.0534
0.154491	22.0548
0.154492	22.0544
0.154493	22.0535
0.154493	22.0549
0.154493	22.0548
0.154493	22.0523
0.154493	22.0549
0.154494	22.0547
0.154494	22.0544
0.154494	22.0533
0.154495	22.0531
0.154495	22.0531
0.154495	22.0536
0.154495	22.0527
0.154496	22.0529
0.154496	22.0529
0.154497	22.054
0.154497	22.0542
0.154497	22.0534
0.154497	22.0553
0.154497	22.0549
0.154497	22.0542
0.154498	22.0536
0.154498	22.0539
0.154498	22.0538
0.154498	22.0546
0.154498	22.0551
0.154499	22.055
0.154499	22.0547
0.154499	22.0534
0.154499	22.0542
0.154499	22.0545
0.1545	22.0556
0.1545	22.0549
0.154501	22.0546
0.154501	22.0555
0.154501	22.0559
0.154501	22.0534
0.154501	22.0534
0.154501	22.0541
0.154501	22.0544
0.154502	22.056
0.154502	22.0563
0.154502	22.0538
0.154503	22.0548
0.154503	22.0546
0.154503	22.0559
0.154505	22.0547
0.154505	22.0551
0.154506	22.056
0.154506	22.0544
0.154507	22.0559
0.154507	22.0563
0.154507	22.0559
0.154507	22.0551
0.154511	22.0551
0.154516	22.0556
0.154527	22.0576
0.155433	22.0813
0.156215	22.1352
0.156217	22.1355
0.156217	22.1364
0.156219	22.136
0.15622	22.1378
0.156223	22.1366
0.156223	22.1377
0.156223	22.138
0.156224	22.1382
0.156224	22.1376
0.156225	22.1361
0.156225	22.1361
0.156226	22.1387
0.156226	22.1387
0.156227	22.1374
0.156227	22.1385
0.156227	22.1387
0.156227	22.139
0.156227	22.1389
0.156227	22.1367
0.156228	22.1388
0.156229	22.137
0.156229	22.1383
0.156229	22.1369
0.15623	22.1379
0.15623	22.1379
0.15623	22.1381
0.15623	22.1382
0.15623	22.1389
0.156231	22.1396
0.156231	22.139
0.156231	22.1382
0.156231	22.1385
0.156232	22.1383
0.156232	22.1384
0.156232	22.1382
0.156232	22.1375
0.156233	22.1382
0.156233	22.1374
0.156234	22.1399
0.156234	22.1375
0.156234	22.1381
0.156234	22.1379
0.156235	22.1385
0.156235	22.139
0.156235	22.1394
0.156236	22.1389
0.156236	22.138
0.156236	22.1384
0.156236	22.1398
0.156236	22.1389
0.156237	22.1395
0.156237	22.1394
0.156237	22.1395
0.156237	22.1385
0.156237	22.1405
0.156238	22.1386
0.156238	22.1383
0.156238	22.1395
0.156238	22.14
0.156238	22.1399
0.156239	22.1405
0.156239	22.1399
0.156239	22.1399
0.156239	22.1387
0.156239	22.1389
0.156239	22.1381
0.15624	22.1391
0.15624	22.1393
0.15624	22.1391
0.156241	22.1407
0.156241	22.1406
0.156242	22.1403
0.156242	22.1401
0.156243	22.1386
0.156243	22.1394
0.156243	22.1412
0.156244	22.1404
0.156244	22.1408
0.156244	22.1389
0.156245	22.139
0.156247	22.1395
0.156248	22.1414
0.156248	22.1399
0.15625	22.1402
0.156252	22.142
0.156988	22.1249
0.158006	22.1428
0.158013	22.1438
0.158021	22.1466
0.158021	22.1462
0.158022	22.1451
0.158023	22.1464
0.158023	22.1453
0.158023	22.147
0.158024	22.147
0.158025	22.1453
0.158025	22.1468
0.158026	22.1472
0.158026	22.1468
0.158026	22.1458
0.158026	22.1473
0.158026	22.1471
0.158027	22.1469
0.158028	22.1461
0.158028	22.1457
0.158028	22.1466
0.158028	22.1472
0.158028	22.1462
0.158029	22.1465
0.158029	22.1454
0.158029	22.1474
0.158029	22.1455
0.158029	22.147
0.15803	22.1466
0.158031	22.1467
0.158031	22.147
0.158031	22.1466
0.158031	22.1467
0.158031	22.1472
0.158032	22.147
0.158032	22.1467
0.158032	22.1479
0.158032	22.1472
0.158032	22.1473
0.158032	22.1474
0.158032	22.1467
0.158032	22.1471
0.158033	22.1481
0.158033	22.1462
0.158033	22.1464
0.158033	22.1479
0.158033	22.1475
0.158034	22.1476
0.158035	22.1474
0.158035	22.1463
0.158035	22.1468
0.158035	22.1468
0.158035	22.1473
0.158035	22.1472
0.158035	22.1475
0.158036	22.1464
0.158036	22.1468
0.158036	22.1478
0.158036	22.1469
0.158036	22.1488
0.158036	22.1467
0.158036	22.1468
0.158036	22.1483
0.158037	22.1469
0.158038	22.1484
0.158038	22.1482
0.158039	22.1484
0.158039	22.1486
0.158039	22.147
0.158039	22.149
0.15804	22.147
0.158041	22.1493
0.158041	22.1481
0.158041	22.1472
0.158041	22.149
0.158041	22.1478
0.158041	22.1479
0.158042	22.1493
0.158042	22.1476
0.158042	22.1488
0.158043	22.1492
0.158043	22.1483
0.158043	22.149
0.158043	22.1497
0.158043	22.1497
0.158045	22.1483
0.158045	22.1493
0.158045	22.15
0.158046	22.148
0.158048	22.1493
0.158943	22.1221
0.159865	22.1298
0.159866	22.1315
0.159872	22.1321
0.159873	22.132
0.159873	22.1323
0.159873	22.1316
0.159874	22.1316
0.159874	22.1309
0.159874	22.1327
0.159876	22.1322
0.159877	22.1326
0.159877	22.1325
0.159877	22.1315
0.159877	22.1325
0.159877	22.1328
0.159877	22.1319
0.159877	22.1318
0.15988	22.1318
0.15988	22.1323
0.159881	22.1319
0.159881	22.1322
0.159881	22.132
0.159882	22.1322
0.159882	22.1331
0.159882	22.1333
0.159882	22.1327
0.159884	22.1334
0.159884	22.1325
0.159884	22.1332
0.159884	22.133
0.159884	22.134
0.159884	22.1327
0.159885	22.1339
0.159885	22.1334
0.159885	22.1325
0.159885	22.1335
0.159885	22.1338
0.159885	22.1327
0.159886	22.1339
0.159886	22.1332
0.159886	22.1332
0.159886	22.1331
0.159886	22.1339
0.159887	22.1334
0.159887	22.1335
0.159887	22.1339
0.159887	22.1341
0.159888	22.1332
0.159888	22.1347
0.159889	22.1347
0.159889	22.1334
0.15989	22.1333
0.159891	22.1346
0.159891	22.1339
0.159891	22.1347
0.159891	22.134
0.159891	22.1344
0.159891	22.134
0.159891	22.1343
0.159891	22.1352
0.159892	22.1341
0.159892	22.1348
0.159892	22.1343
0.159892	22.1339
0.159892	22.1341
0.159892	22.1349
0.159892	22.1345
0.159894	22.1349
0.159894	22.1354
0.159894	22.134
0.159895	22.1347
0.159895	22.134
0.159895	22.1339
0.159896	22.1348
0.159896	22.1355
0.159897	22.1344
0.159897	22.1356
0.159897	22.1356
0.159897	22.1359
0.159897	22.1348
0.159897	22.1346
0.159897	22.1351
0.159898	22.1357
0.159898	22.1351
0.159899	22.1361
0.1599	22.1357
0.1599	22.1345
0.1599	22.1354
0.159902	22.136
0.159902	22.1349
0.159906	22.1355
0.160153	22.1127
0.16177	22.1328
0.161771	22.1325
0.161772	22.1326
0.161774	22.1331
0.161775	22.1336
0.161775	22.1334
0.161775	22.1335
0.161775	22.1334
0.161776	22.1339
0.161776	22.1338
0.161776	22.1334
0.161776	22.1331
0.161776	22.1333
0.161777	22.1337
0.161777	22.1334
0.161777	22.1339
0.161778	22.134
0.161779	22.1342
0.161779	22.1339
0.161779	22.1335
0.16178	22.134
0.16178	22.1335
0.16178	22.1339
0.16178	22.1337
0.161781	22.134
0.161781	22.1336
0.161781	22.1336
0.161781	22.1343
0.161782	22.1338
0.161782	22.134
0.161782	22.1346
0.161782	22.1342
0.161782	22.1344
0.161782	22.1342
0.161783	22.1346
0.161783	22.134
0.161783	22.1345
0.161784	22.1349
0.161784	22.1347
0.161784	22.1343
0.161784	22.1343
0.161784	22.1343
0.161784	22.1349
0.161784	22.1344
0.161784	22.1346
0.161784	22.1345
0.161785	22.1347
0.161785	22.1342
0.161785	22.1343
0.161785	22.135
0.161785	22.1344
0.161785	22.1346
0.161785	22.1347
0.161786	22.1348
0.161786	22.1345
0.161786	22.1399
0.161787	22.135
0.161787	22.1345
0.161787	22.1349
0.161787	22.1351
0.161787	22.135
0.161788	22.1353
0.161788	22.1355
0.161789	22.1352
0.161789	22.1355
0.161789	22.1347
0.161789	22.1356
0.161789	22.1357
0.161789	22.135
0.161789	22.1355
0.16179	22.1355
0.16179	22.135
0.16179	22.1352
0.16179	22.1352
0.161791	22.1355
0.161791	22.1352
0.161792	22.1354
0.161792	22.1356
0.161793	22.1362
0.161794	22.1356
0.161795	22.1355
0.161795	22.1365
0.161795	22.1361
0.161795	22.136
0.161796	22.1364
0.161796	22.136
0.161797	22.1358
0.161797	22.1361
0.161798	22.1361
0.161799	22.1361
0.161799	22.1367
0.1618	22.1367
0.161802	22.1368
0.161802	22.1371
0.163119	22.1317
0.163709	22.1394
0.16371	22.1394
0.16371	22.1395
0.163712	22.1399
0.163713	22.1398
0.163714	22.1402
0.163714	22.14
0.163714	22.1401
0.163715	22.1402
0.163716	22.1402
0.163716	22.1403
0.163716	22.1403
0.163717	22.1404
0.163717	22.1405
0.163717	22.1405
0.163719	22.1407
0.163719	22.1408
0.16372	22.141
0.16372	22.141
0.16372	22.141
0.163721	22.141
0.163721	22.1409
0.163721	22.141
0.163722	22.1412
0.163722	22.141
0.163722	22.1411
0.163722	22.1412
0.163722	22.1411
0.163723	22.1413
0.163723	22.1413
0.163723	22.1413
0.163724	22.1413
0.163724	22.1413
0.163724	22.1415
0.163724	22.1414
0.163724	22.1414
0.163725	22.1416
0.163725	22.1414
0.163725	22.1415
0.163726	22.1416
0.163726	22.1415
0.163726	22.1417
0.163726	22.1417
0.163726	22.1417
0.163726	22.1417
0.163726	22.1418
0.163727	22.1417
0.163727	22.1419
0.163727	22.1417
0.163727	22.1418
0.163727	22.1419
0.163728	22.142
0.163728	22.1419
0.163728	22.1419
0.163728	22.142
0.163728	22.142
0.163729	22.1421
0.163729	22.1421
0.163729	22.142
0.16373	22.1421
0.16373	22.1422
0.16373	22.1422
0.16373	22.1422
0.16373	22.1423
0.16373	22.1423
0.16373	22.1423
0.163731	22.1423
0.163731	22.1422
0.163732	22.1424
0.163732	22.1425
0.163732	22.1426
0.163732	22.1425
0.163733	22.1426
0.163733	22.1427
0.163733	22.1426
0.163733	22.1427
0.163733	22.1427
0.163733	22.1427
0.163733	22.1427
0.163733	22.1428
0.163734	22.1427
0.163734	22.1429
0.163735	22.1429
0.163735	22.1429
0.163736	22.1431
0.163737	22.143
0.163737	22.1431
0.163737	22.1432
0.163738	22.1434
0.163739	22.1433
0.163739	22.1436
0.16374	22.1436
0.163743	22.144
0.163743	22.1439
0.163743	22.1439
0.164328	22.1166
0.165682	22.0473
0.165686	22.0479
0.165687	22.0477
0.165691	22.0482
0.165692	22.0489
0.165692	22.0493
0.165692	22.049
0.165693	22.0493
0.165693	22.0491
0.165694	22.0488
0.165694	22.0491
0.165694	22.0487
0.165694	22.0489
0.165695	22.0496
0.165695	22.0493
0.165696	22.0487
0.165696	22.0489
0.165696	22.0496
0.165697	22.0495
0.165697	22.0489
0.165697	22.0493
0.165697	22.0497
0.165697	22.0501
0.165698	22.0496
0.165699	22.0492
0.165699	22.0494
0.165699	22.0495
0.165699	22.0501
0.165699	22.0502
0.1657	22.0494
0.1657	22.0504
0.1657	22.0493
0.1657	22.0494
0.1657	22.0498
0.1657	22.05
0.1657	22.0499
0.165701	22.0498
0.165701	22.0501
0.165702	22.05
0.165702	22.0503
0.165702	22.0501
0.165703	22.0504
0.165703	22.0496
0.165703	22.0503
0.165703	22.0505
0.165703	22.0506
0.165703	22.0505
0.165704	22.0506
0.165704	22.05
0.165704	22.0509
0.165704	22.0502
0.165704	22.0509
0.165704	22.0504
0.165704	22.0504
0.165705	22.0509
0.165705	22.0508
0.165705	22.05
0.165705	22.0506
0.165705	22.0503
0.165706	22.0506
0.165706	22.0511
0.165706	22.0505
0.165707	22.0513
0.165707	22.0506
0.165707	22.0506
0.165707	22.0512
0.165708	22.0512
0.165708	22.0509
0.165708	22.0513
0.165708	22.0503
0.165708	22.0507
0.165708	22.0508
0.165708	22.0513
0.165708	22.0505
0.165709	22.0506
0.165709	22.0506
0.165709	22.0514
0.16571	22.0507
0.16571	22.0507
0.16571	22.0517
0.165711	22.0514
0.165711	22.0513
0.165711	22.0517
0.165712	22.0515
0.165713	22.0511
0.165713	22.0512
0.165713	22.0513
0.165715	22.0519
0.165715	22.0517
0.165715	22.052
0.165715	22.0521
0.165716	22.0525
0.165718	22.0521
0.165718	22.0524
0.165718	22.0528
0.165723	22.0528
0.165724	22.0535
0.165974	22.0667
0.167688	22.1154
0.167698	22.1179
0.167703	22.1175
0.167704	22.1186
0.167704	22.119
0.167704	22.119
0.167704	22.1191
0.167705	22.118
0.167705	22.1187
0.167706	22.1193
0.167706	22.1181
0.167707	22.119
0.167709	22.1188
0.167709	22.1192
0.16771	22.1197
0.16771	22.1191
0.167711	22.1202
0.167711	22.1191
0.167712	22.1201
0.167712	22.119
0.167712	22.1202
0.167712	22.119
0.167712	22.119
0.167713	22.1188
0.167713	22.1197
0.167713	22.1188
0.167713	22.1196
0.167713	22.119
0.167713	22.1188
0.167713	22.1201
0.167714	22.1199
0.167714	22.1204
0.167714	22.1196
0.167714	22.1203
0.167714	22.119
0.167714	22.1197
0.167714	22.1192
0.167714	22.1188
0.167714	22.1188
0.167714	22.1188
0.167715	22.1208
0.167715	22.1206
0.167716	22.1194
0.167716	22.119
0.167716	22.12
0.167716	22.121
0.167716	22.1202
0.167717	22.1201
0.167717	22.1199
0.167717	22.1205
0.167717	22.1198
0.167717	22.1197
0.167718	22.1203
0.167718	22.1192
0.167718	22.1194
0.167718	22.1213
0.167718	22.1201
0.167718	22.1194
0.167719	22.1194
0.167719	22.1207
0.167719	22.1205
0.167719	22.1209
0.167719	22.1209
0.167719	22.12
0.16772	22.1196
0.16772	22.1209
0.16772	22.1203
0.167721	22.1215
0.167721	22.1206
0.167722	22.1218
0.167722	22.1203
0.167722	22.1211
0.167722	22.1214
0.167722	22.1215
0.167722	22.1205
0.167723	22.1214
0.167723	22.121
0.167723	22.1217
0.167723	22.1218
0.167723	22.1203
0.167724	22.1207
0.167724	22.1213
0.167725	22.1209
0.167725	22.1213
0.167725	22.1215
0.167725	22.1207
0.167726	22.1272
0.167726	22.122
0.167727	22.1224
0.167727	22.1211
0.167728	22.1219
0.167728	22.1208
0.167728	22.1212
0.167729	22.1215
0.167729	22.1214
0.16773	22.1218
0.167734	22.1231
0.167734	22.1227
0.167745	22.1247
0.168294	22.117
0.169739	22.0425
0.169741	22.044
0.169747	22.044
0.169747	22.0448
0.169748	22.0443
0.169749	22.043
0.16975	22.0431
0.16975	22.0451
0.16975	22.0439
0.169752	22.0434
0.169752	22.0449
0.169753	22.0453
0.169753	22.0431
0.169753	22.0449
0.169753	22.0455
0.169754	22.0452
0.169754	22.0432
0.169755	22.0441
0.169755	22.044
0.169755	22.0445
0.169759	22.0448
0.169759	22.0453
0.169759	22.0453
0.16976	22.046
0.16976	22.0439
0.16976	22.0456
0.16976	22.0445
0.16976	22.0454
0.169761	22.044
0.169761	22.0465
0.169761	22.0443
0.169761	22.0452
0.169761	22.0451
0.169762	22.0445
0.169762	22.0452
0.169762	22.0449
0.169762	22.0455
0.169762	22.0446
0.169763	22.0451
0.169763	22.0459
0.169763	22.0467
0.169763	22.0458
0.169764	22.0447
0.169764	22.0467
0.169764	22.0457
0.169764	22.0453
0.169765	22.0458
0.169765	22.0457
0.169765	22.047
0.169765	22.0461
0.169765	22.0445
0.169765	22.0449
0.169765	22.0464
0.169766	22.0464
0.169766	22.0467
0.169766	22.0459
0.169766	22.0453
0.169766	22.0454
0.169766	22.0455
0.169766	22.0462
0.169766	22.0472
0.169766	22.045
0.169767	22.0472
0.169767	22.0451
0.169767	22.0458
0.169767	22.0455
0.169768	22.047
0.169768	22.0464
0.169768	22.0454
0.169768	22.0461
0.169768	22.0452
0.169769	22.0472
0.169769	22.0476
0.169769	22.0464
0.169769	22.0474
0.169769	22.0457
0.169769	22.0468
0.169769	22.0477
0.16977	22.0472
0.16977	22.047
0.16977	22.047
0.169771	22.0476
0.169771	22.0462
0.169771	22.0469
0.169771	22.0472
0.169772	22.0454
0.169772	22.0474
0.169773	22.0458
0.169774	22.0469
0.169775	22.048
0.169775	22.0467
0.169777	22.0462
0.169777	22.0472
0.169777	22.0472
0.169777	22.047
0.169778	22.0483
0.169779	22.047
0.169779	22.047
0.16978	22.0485
0.169783	22.0469
0.169783	22.0472
0.171452	22.0738
0.171822	22.0512
0.171824	22.0516
0.171827	22.0498
0.171827	22.0509
0.171828	22.05
0.17183	22.0529
0.171831	22.0509
0.171831	22.0528
0.171831	22.0527
0.171831	22.0505
0.171832	22.0514
0.171832	22.0505
0.171832	22.0523
0.171832	22.0513
0.171833	22.0532
0.171833	22.0532
0.171833	22.0514
0.171834	22.0515
0.171834	22.0536
0.171834	22.0511
0.171835	22.0533
0.171835	22.0531
0.171835	22.0514
0.171835	22.0534
0.171836	22.0537
0.171836	22.053
0.171836	22.0514
0.171836	22.0522
0.171836	22.0535
0.171836	22.0531
0.171836	22.0513
0.171837	22.0528
0.171837	22.0527
0.171837	22.0521
0.171838	22.0528
0.171838	22.053
0.171838	22.0517
0.171838	22.0518
0.171839	22.0519
0.171839	22.0544
0.171839	22.0527
0.171839	22.0539
0.171839	22.0526
0.171839	22.0526
0.171839	22.0517
0.171839	22.0523
0.171841	22.052
0.171841	22.0517
0.171841	22.0538
0.171841	22.0544
0.171842	22.0516
0.171842	22.0517
0.171842	22.0519
0.171842	22.0544
0.171843	22.0518
0.171843	22.0537
0.171844	22.0537
0.171844	22.0536
0.171844	22.0532
0.171845	22.0535
0.171845	22.0533
0.171845	22.0526
0.171846	22.0537
0.171846	22.0545
0.171846	22.0523
0.171847	22.053
0.171847	22.0538
0.171847	22.0545
0.171847	22.0532
0.171848	22.0553
0.171848	22.0553
0.171848	22.0529
0.171848	22.0542
0.171849	22.054
0.17185	22.0542
0.17185	22.0537
0.17185	22.0552
0.171851	22.0551
0.171851	22.0558
0.171852	22.0548
0.171852	22.0555
0.171852	22.0546
0.171852	22.0541
0.171852	22.0554
0.171852	22.0533
0.171853	22.0539
0.171853	22.0542
0.171853	22.0546
0.171853	22.0561
0.171854	22.0537
0.171854	22.0546
0.171855	22.0538
0.171855	22.0549
0.171855	22.0547
0.171856	22.0556
0.171857	22.0554
0.171857	22.0565
0.171858	22.0545
0.171858	22.0559
0.171859	22.0548
0.171859	22.0558
0.171862	22.0574
0.173581	22.0576
0.17393	22.0317
0.173933	22.0326
0.173933	22.0323
0.173935	22.031
0.173938	22.0335
0.173938	22.0311
0.173939	22.0327
0.17394	22.0325
0.17394	22.0327
0.17394	22.0333
0.17394	22.0313
0.17394	22.0328
0.17394	22.0317
0.173941	22.032
0.173941	22.033
0.173943	22.0337
0.173943	22.0323
0.173944	22.0329
0.173944	22.0341
0.173944	22.0339
0.173944	22.0321
0.173945	22.0321
0.173945	22.0343
0.173945	22.0329
0.173946	22.0324
0.173946	22.0333
0.173946	22.0345
0.173946	22.0335
0.173947	22.035
0.173947	22.0329
0.173947	22.032
0.173947	22.0328
0.173948	22.0349
0.173948	22.0346
0.173948	22.0332
0.173949	22.0325
0.173949	22.0321
0.173949	22.035
0.173949	22.0325
0.173949	22.032
0.173949	22.0334
0.173949	22.0347
0.17395	22.0323
0.17395	22.0331
0.17395	22.0328
0.17395	22.033
0.17395	22.0346
0.17395	22.0343
0.17395	22.0326
0.17395	22.0337
0.173951	22.0333
0.173951	22.0339
0.173952	22.0341
0.173952	22.0335
0.173952	22.0347
0.173952	22.0337
0.173953	22.0341
0.173953	22.0352
0.173953	22.0344
0.173953	22.0357
0.173953	22.0358
0.173953	22.0333
0.173954	22.0358
0.173954	22.0339
0.173954	22.0339
0.173954	22.0341
0.173954	22.036
0.173955	22.0338
0.173955	22.0351
0.173955	22.0334
0.173955	22.0356
0.173955	22.0331
0.173955	22.035
0.173955	22.0357
0.173956	22.0356
0.173956	22.0334
0.173956	22.0355
0.173956	22.0338
0.173956	22.0352
0.173957	22.0355
0.173957	22.0331
0.173957	22.0341
0.173957	22.0346
0.173957	22.0357
0.173958	22.0353
0.173958	22.0355
0.173958	22.0338
0.173958	22.0353
0.173959	22.0332
0.173959	22.0335
0.17396	22.0352
0.173961	22.0365
0.173961	22.0351
0.173961	22.0359
0.173962	22.0357
0.173963	22.037
0.173964	22.0353
0.173964	22.0342
0.173965	22.037
0.173965	22.0343
0.173968	22.0359
0.17397	22.035
0.17398	22.0361
0.174932	22.0479
0.176063	22.0152
0.176063	22.0148
0.176066	22.017
0.176066	22.0167
0.176067	22.0157
0.176068	22.0175
0.176069	22.018
0.176071	22.0166
0.176071	22.0165
0.176072	22.0174
0.176072	22.0187
0.176072	22.0182
0.176072	22.0183
0.176073	22.0185
0.176073	22.0165
0.176073	22.0162
0.176075	22.0173
0.176075	22.018
0.176076	22.0167
0.176076	22.0167
0.176076	22.0162
0.176076	22.0172
0.176077	22.0166
0.176077	22.0191
0.176078	22.0166
0.176079	22.0174
0.176079	22.0195
0.176079	22.0182
0.17608	22.0172
0.17608	22.0195
0.17608	22.0181
0.17608	22.0191
0.17608	22.0172
0.17608	22.0191
0.176081	22.0186
0.176081	22.0189
0.176081	22.0176
0.176081	22.0182
0.176081	22.0181
0.176082	22.0198
0.176082	22.0202
0.176083	22.018
0.176084	22.0176
0.176084	22.0203
0.176084	22.0185
0.176084	22.0204
0.176084	22.0206
0.176084	22.0174
0.176084	22.0179
0.176085	22.0186
0.176085	22.0202
0.176085	22.0189
0.176086	22.0192
0.176086	22.0175
0.176086	22.019
0.176086	22.0196
0.176087	22.0196
0.176087	22.0192
0.176087	22.0184
0.176087	22.0198
0.176087	22.0178
0.176087	22.0203
0.176088	22.0197
0.176089	22.0197
0.176089	22.0189
0.176089	22.0196
0.176089	22.0188
0.176089	22.0207
0.17609	22.0206
0.17609	22.0203
0.17609	22.0188
0.17609	22.0206
0.17609	22.0205
0.17609	22.0211
0.17609	22.0212
0.176092	22.0184
0.176093	22.0215
0.176093	22.0193
0.176093	22.0207
0.176093	22.0197
0.176093	22.0216
0.176094	22.021
0.176094	22.0217
0.176094	22.0218
0.176094	22.0216
0.176094	22.0196
0.176095	22.0193
0.176095	22.0211
0.176096	22.0198
0.176096	22.0207
0.176097	22.0191
0.176097	22.0192
0.176098	22.0169
0.176099	22.0211
0.176099	22.0216
0.1761	22.0208
0.176101	22.0197
0.176102	22.0209
0.176102	22.0194
0.176103	22.021
0.176103	22.0226
0.176103	22.0217
0.176104	22.022
0.176104	22.0202
0.176107	22.0201
0.177955	22.0285
0.17822	22.0085
0.178222	22.0088
0.178222	22.0083
0.178223	22.0107
0.178224	22.0103
0.178227	22.0092
0.178227	22.0112
0.178228	22.0091
0.178229	22.0096
0.178229	22.0111
0.178229	22.0103
0.178231	22.0107
0.178231	22.0119
0.178232	22.0111
0.178232	22.0083
0.178232	22.0089
0.178233	22.0111
0.178233	22.0096
0.178233	22.0118
0.178234	22.01
0.178234	22.0116
0.178234	22.0098
0.178234	22.0089
0.178234	22.0093
0.178234	22.0109
0.178234	22.0088
0.178234	22.0113
0.178235	22.0099
0.178235	22.0118
0.178235	22.0106
0.178235	22.012
0.178236	22.0098
0.178236	22.011
0.178236	22.0108
0.178236	22.0118
0.178237	22.0101
0.178237	22.011
0.178237	22.009
0.178237	22.009
0.178237	22.0116
0.178237	22.0094
0.178238	22.0106
0.178238	22.0112
0.178238	22.0109
0.178239	22.0118
0.178239	22.0093
0.178239	22.0111
0.178239	22.0101
0.178239	22.0098
0.178239	22.0118
0.178239	22.0095
0.17824	22.0107
0.17824	22.0124
0.17824	22.0113
0.17824	22.0111
0.17824	22.0122
0.17824	22.0111
0.178241	22.012
0.178241	22.0117
0.178242	22.0109
0.178242	22.0116
0.178242	22.0103
0.178243	22.0099
0.178243	22.0096
0.178243	22.0131
0.178243	22.0128
0.178243	22.01
0.178243	22.0103
0.178244	22.0124
0.178244	22.0113
0.178244	22.013
0.178244	22.0128
0.178244	22.0108
0.178244	22.0133
0.178245	22.0101
0.178245	22.0123
0.178245	22.0131
0.178246	22.01
0.178246	22.0121
0.178246	22.0128
0.178246	22.0108
0.178246	22.0111
0.178247	22.0112
0.178247	22.0106
0.178248	22.0108
0.178248	22.0126
0.178248	22.0132
0.178248	22.0119
0.178248	22.0124
0.178249	22.0127
0.178249	22.013
0.178251	22.0125
0.178252	22.0118
0.178252	22.0114
0.178253	22.0114
0.178253	22.0122
0.178254	22.011
0.178256	22.0126
0.178257	22.0121
0.178258	22.0125
0.17826	22.0126
0.17826	22.0149
0.178261	22.0127
0.178262	22.0137
0.178267	22.0162
0.179188	22.0338
0.180385	22.0189
0.18039	22.0209
0.180392	22.0214
0.180392	22.0222
0.180393	22.0203
0.180394	22.02
0.180394	22.0218
0.180395	22.023
0.180395	22.0218
0.180395	22.0221
0.180395	22.0229
0.180396	22.0225
0.180397	22.0205
0.180398	22.0238
0.180398	22.0226
0.180398	22.023
0.180399	22.0219
0.180401	22.0219
0.180401	22.021
0.180402	22.0212
0.180402	22.0207
0.180403	22.0237
0.180403	22.0243
0.180403	22.0229
0.180404	22.0216
0.180404	22.0214
0.180404	22.0239
0.180404	22.0245
0.180404	22.0237
0.180404	22.0235
0.180404	22.022
0.180405	22.0242
0.180405	22.0243
0.180405	22.0216
0.180405	22.0235
0.180405	22.0228
0.180405	22.0219
0.180405	22.0215
0.180406	22.024
0.180407	22.0216
0.180407	22.0246
0.180407	22.0226
0.180408	22.0219
0.180408	22.0252
0.180408	22.0247
0.180409	22.0229
0.180409	22.0234
0.180409	22.0227
0.180409	22.0236
0.180409	22.0228
0.180409	22.0223
0.180409	22.0238
0.18041	22.0224
0.18041	22.0227
0.180411	22.0233
0.180411	22.0238
0.180411	22.0254
0.180411	22.0241
0.180411	22.0247
0.180411	22.0239
0.180412	22.0238
0.180412	22.0249
0.180413	22.0251
0.180413	22.024
0.180413	22.0255
0.180414	22.0254
0.180414	22.0249
0.180414	22.0221
0.180414	22.0227
0.180414	22.0255
0.180414	22.024
0.180415	22.0242
0.180415	22.025
0.180415	22.0224
0.180415	22.0252
0.180415	22.0237
0.180415	22.0239
0.180415	22.0223
0.180415	22.0226
0.180415	22.0236
0.180416	22.0247
0.180417	22.0257
0.180417	22.0239
0.180418	22.0261
0.180418	22.0248
0.180418	22.0237
0.180418	22.0229
0.180418	22.0243
0.180418	22.0237
0.180418	22.0233
0.180419	22.0227
0.180419	22.0251
0.18042	22.0245
0.18042	22.0239
0.18042	22.0259
0.180422	22.0265
0.180422	22.0231
0.180422	22.0239
0.180423	22.0257
0.180424	22.0244
0.180424	22.0245
0.180424	22.026
0.180425	22.0243
0.180425	22.0259
0.180426	22.0244
0.180429	22.0256
0.181619	22.0612
0.182555	22.0558
0.182559	22.0567
0.18256	22.056
0.18256	22.0565
0.182562	22.0569
0.182564	22.0567
0.182565	22.0576
0.182566	22.0575
0.182566	22.0545
0.182566	22.0551
0.182569	22.0567
0.182569	22.0559
0.182569	22.0574
0.18257	22.0584
0.18257	22.058
0.18257	22.0551
0.182571	22.0562
0.182572	22.0552
0.182572	22.0561
0.182573	22.0566
0.182573	22.0558
0.182573	22.0568
0.182573	22.0553
0.182574	22.0571
0.182574	22.0574
0.182574	22.0569
0.182574	22.0579
0.182574	22.0578
0.182574	22.0555
0.182575	22.0568
0.182575	22.0554
0.182575	22.0565
0.182576	22.058
0.182576	22.0582
0.182577	22.0589
0.182577	22.0577
0.182577	22.0574
0.182577	22.0577
0.182578	22.0565
0.182578	22.0569
0.182578	22.0557
0.182578	22.0584
0.182578	22.0585
0.182578	22.0593
0.182578	22.058
0.182578	22.0576
0.182579	22.0577
0.182579	22.0583
0.18258	22.0569
0.18258	22.0566
0.182581	22.0583
0.182581	22.057
0.182581	22.0597
0.182581	22.0567
0.182582	22.0572
0.182582	22.0586
0.182582	22.0593
0.182582	22.0573
0.182582	22.0571
0.182582	22.0582
0.182582	22.0571
0.182583	22.0578
0.182583	22.0571
0.182584	22.0591
0.182584	22.0592
0.182584	22.0593
0.182585	22.057
0.182585	22.0603
0.182585	22.0597
0.182585	22.0579
0.182585	22.0568
0.182585	22.0602
0.182585	22.0581
0.182586	22.0583
0.182586	22.0589
0.182586	22.0587
0.182587	22.0583
0.182587	22.0573
0.182588	22.0577
0.182588	22.0585
0.182589	22.06
0.182589	22.0591
0.182589	22.0604
0.182589	22.0582
0.182589	22.0576
0.18259	22.0581
0.18259	22.059
0.182591	22.0603
0.182591	22.0582
0.182592	22.0592
0.182593	22.0579
0.182593	22.0604
0.182593	22.06
0.182593	22.0589
0.182593	22.0589
0.182593	22.0608
0.182594	22.058
0.182594	22.0597
0.182594	22.0609
0.182594	22.06
0.182595	22.0614
0.182596	22.0614
0.182599	22.0614
0.182601	22.0595
0.182601	22.0587
0.182607	22.0594
0.184382	22.1534
0.184716	22.1559
0.184722	22.1566
0.184723	22.1574
0.184725	22.1572
0.184726	22.1565
0.184726	22.1557
0.184727	22.1565
0.184729	22.1578
0.18473	22.1555
0.18473	22.1583
0.18473	22.158
0.184731	22.1574
0.184731	22.1585
0.184732	22.1562
0.184733	22.1584
0.184733	22.1574
0.184733	22.1573
0.184733	22.1575
0.184733	22.1577
0.184734	22.1569
0.184734	22.1571
0.184734	22.157
0.184734	22.157
0.184735	22.1571
0.184735	22.1568
0.184735	22.1586
0.184735	22.1579
0.184735	22.1573
0.184735	22.1565
0.184736	22.1571
0.184736	22.1564
0.184737	22.1592
0.184737	22.158
0.184737	22.1587
0.184737	22.1594
0.184737	22.1586
0.184737	22.1572
0.184738	22.1566
0.184738	22.1581
0.184738	22.1571
0.184739	22.1578
0.184739	22.1565
0.184739	22.1581
0.184739	22.157
0.184739	22.1591
0.184739	22.1572
0.184739	22.157
0.18474	22.1582
0.18474	22.1593
0.184741	22.1597
0.184741	22.1577
0.184741	22.1581
0.184741	22.1582
0.184741	22.1588
0.184741	22.1592
0.184742	22.1573
0.184742	22.1574
0.184742	22.1593
0.184742	22.1571
0.184742	22.1591
0.184742	22.1577
0.184742	22.1569
0.184742	22.1572
0.184742	22.1568
0.184742	22.157
0.184743	22.1591
0.184743	22.1599
0.184743	22.1569
0.184743	22.1575
0.184744	22.1589
0.184744	22.1587
0.184744	22.1583
0.184744	22.1599
0.184744	22.1572
0.184745	22.1599
0.184745	22.1579
0.184745	22.1584
0.184746	22.1578
0.184746	22.1581
0.184746	22.1593
0.184746	22.1594
0.184747	22.1575
0.184747	22.1575
0.184747	22.1577
0.184747	22.1595
0.184748	22.1589
0.184748	22.1597
0.184748	22.1594
0.184748	22.1597
0.184749	22.16
0.18475	22.1603
0.18475	22.1608
0.184751	22.1591
0.184753	22.1605
0.184753	22.1591
0.184754	22.1588
0.184754	22.16
0.184755	22.1592
0.184755	22.1611
0.184755	22.1585
0.184756	22.1607
0.184757	22.1602
0.184759	22.1591
0.184774	22.1637
0.184959	22.1841
0.186846	22.3533
0.186849	22.3532
0.18685	22.3556
0.186853	22.3552
0.186856	22.3545
0.186856	22.3545
0.186856	22.3565
0.186857	22.3557
0.186858	22.3567
0.186859	22.3559
0.186859	22.3543
0.186861	22.3564
0.186861	22.3548
0.186861	22.3553
0.186861	22.3556
0.186862	22.3554
0.186862	22.3555
0.186862	22.3573
0.186862	22.356
0.186863	22.3553
0.186863	22.3573
0.186864	22.3572
0.186865	22.3554
0.186865	22.3574
0.186865	22.356
0.186865	22.3548
0.186866	22.3552
0.186867	22.3549
0.186867	22.3566
0.186867	22.3574
0.186867	22.3572
0.186867	22.3553
0.186867	22.3577
0.186867	22.3571
0.186868	22.3565
0.186868	22.357
0.186869	22.3556
0.186869	22.357
0.186869	22.3562
0.186869	22.3558
0.18687	22.3572
0.18687	22.3576
0.18687	22.3563
0.186871	22.3569
0.186871	22.3561
0.186871	22.357
0.186871	22.3567
0.186871	22.3578
0.186871	22.357
0.186871	22.3582
0.186871	22.3556
0.186872	22.3584
0.186872	22.3573
0.186872	22.3579
0.186873	22.3562
0.186873	22.3557
0.186873	22.3583
0.186873	22.3571
0.186873	22.3558
0.186873	22.3562
0.186874	22.3581
0.186874	22.3574
0.186874	22.3568
0.186874	22.3562
0.186874	22.3564
0.186875	22.3585
0.186875	22.3571
0.186876	22.3574
0.186876	22.3586
0.186876	22.3575
0.186876	22.3641
0.186877	22.3569
0.186877	22.3583
0.186877	22.3566
0.186877	22.3584
0.186879	22.357
0.186879	22.3567
0.186879	22.3578
0.18688	22.3588
0.18688	22.3579
0.186882	22.3583
0.186882	22.3572
0.186882	22.3575
0.186884	22.3597
0.186885	22.3599
0.186885	22.3591
0.186885	22.3591
0.186886	22.3589
0.186886	22.3595
0.186886	22.3594
0.186886	22.3582
0.186886	22.3573
0.186886	22.3603
0.186886	22.3584
0.186886	22.3596
0.186887	22.3601
0.186887	22.3594
0.186888	22.3587
0.186889	22.3602
0.186889	22.3594
0.186892	22.36
0.186895	22.3587
0.186898	22.36
0.187559	22.4029
0.188912	22.4054
0.188919	22.4046
0.188925	22.4071
0.188925	22.4054
0.188929	22.4066
0.18893	22.406
0.188932	22.4074
0.188934	22.4081
0.188934	22.4073
0.188935	22.4068
0.188935	22.4068
0.188935	22.4062
0.188936	22.4082
0.188938	22.4082
0.188938	22.4081
0.188938	22.4066
0.188938	22.4082
0.188938	22.4075
0.188938	22.4087
0.188939	22.4069
0.188939	22.4073
0.188939	22.4086
0.188939	22.4079
0.18894	22.4087
0.18894	22.4081
0.18894	22.4075
0.188941	22.4087
0.188941	22.4078
0.188943	22.4084
0.188943	22.4078
0.188943	22.4083
0.188943	22.4077
0.188943	22.4087
0.188943	22.4074
0.188944	22.4075
0.188944	22.408
0.188945	22.4072
0.188945	22.4077
0.188946	22.4091
0.188946	22.4088
0.188947	22.4091
0.188947	22.4086
0.188947	22.4086
0.188949	22.4087
0.18895	22.4088
0.18895	22.4079
0.18895	22.4078
0.18895	22.4086
0.18895	22.4084
0.188951	22.4082
0.188951	22.4086
0.188951	22.4088
0.188952	22.4098
0.188952	22.4088
0.188952	22.4096
0.188953	22.4089
0.188953	22.4097
0.188953	22.4096
0.188954	22.4089
0.188954	22.4098
0.188954	22.4099
0.188954	22.409
0.188955	22.4105
0.188955	22.4088
0.188955	22.4092
0.188955	22.4099
0.188956	22.4102
0.188956	22.4104
0.188956	22.4087
0.188956	22.4096
0.188956	22.4093
0.188957	22.4108
0.188958	22.4101
0.188958	22.4104
0.188958	22.4102
0.188959	22.4093
0.188959	22.4105
0.188959	22.4089
0.188959	22.4091
0.188959	22.4097
0.18896	22.4108
0.18896	22.4089
0.18896	22.4107
0.18896	22.4097
0.188961	22.4095
0.188961	22.4104
0.188962	22.4091
0.188962	22.4103
0.188962	22.4103
0.188962	22.4105
0.188963	22.4113
0.188963	22.4094
0.188965	22.4099
0.188967	22.4102
0.188968	22.4118
0.188969	22.4114
0.18897	22.4125
0.188977	22.4112
0.188978	22.413
0.188979	22.4135
0.190363	21.7731
0.190925	21.4137
0.190929	21.4139
0.190931	21.4131
0.190931	21.4143
0.190932	21.4137
0.190932	21.4142
0.190934	21.4143
0.190935	21.4147
0.190936	21.4143
0.190936	21.415
0.190936	21.4143
0.190937	21.414
0.190938	21.4146
0.190939	21.4148
0.19094	21.4147
0.190941	21.4146
0.190942	21.4149
0.190942	21.4152
0.190943	21.4152
0.190943	21.4154
0.190943	21.4146
0.190943	21.4157
0.190944	21.4152
0.190944	21.4158
0.190944	21.4148
0.190945	21.4153
0.190945	21.4155
0.190945	21.4154
0.190945	21.4153
0.190945	21.4154
0.190946	21.4161
0.190946	21.4152
0.190946	21.416
0.190946	21.4152
0.190947	21.4162
0.190947	21.4154
0.190948	21.4157
0.190948	21.4162
0.190948	21.4161
0.190948	21.4149
0.190948	21.4158
0.190948	21.4164
0.190948	21.4161
0.190948	21.4156
0.190949	21.4155
0.190949	21.4157
0.190949	21.4163
0.190949	21.4157
0.19095	21.4167
0.19095	21.4156
0.19095	21.4159
0.190951	21.4163
0.190951	21.4162
0.190951	21.4166
0.190951	21.4158
0.190951	21.4158
0.190952	21.4166
0.190952	21.4165
0.190952	21.4163
0.190952	21.416
0.190952	21.4168
0.190952	21.4157
0.190953	21.4164
0.190953	21.4171
0.190954	21.4167
0.190955	21.417
0.190956	21.4163
0.190956	21.4164
0.190956	21.4165
0.190956	21.417
0.190956	21.4167
0.190957	21.4173
0.190957	21.4175
0.190957	21.417
0.190958	21.4174
0.190959	21.4165
0.190959	21.4165
0.19096	21.4171
0.190961	21.4167
0.190961	21.4176
0.190962	21.4172
0.190962	21.4172
0.190962	21.417
0.190963	21.417
0.190963	21.4178
0.190964	21.4178
0.190966	21.4175
0.190966	21.4181
0.190966	21.4184
0.190968	21.4177
0.190969	21.4184
0.190969	21.4183
0.19097	21.419
0.190971	21.4179
0.190978	21.4197
0.191965	20.3886
0.192821	19.5111
0.192822	19.5098
0.192825	19.5122
0.192827	19.5155
0.192831	19.5104
0.192831	19.5145
0.192832	19.5113
0.192832	19.5172
0.192832	19.5162
0.192832	19.5116
0.192833	19.513
0.192833	19.5167
0.192834	19.5142
0.192835	19.5151
0.192835	19.5111
0.192836	19.5161
0.192837	19.5174
0.192838	19.5137
0.192838	19.5151
0.192838	19.5165
0.192838	19.5146
0.192839	19.5136
0.192839	19.512
0.19284	19.5131
0.19284	19.5114
0.19284	19.5139
0.19284	19.516
0.192842	19.5169
0.192842	19.5144
0.192842	19.5154
0.192842	19.5128
0.192843	19.5158
0.192843	19.5156
0.192843	19.5179
0.192843	19.5141
0.192844	19.5131
0.192844	19.5144
0.192844	19.5123
0.192844	19.5136
0.192844	19.5173
0.192845	19.5141
0.192846	19.5161
0.192846	19.5171
0.192846	19.5169
0.192846	19.5135
0.192846	19.5141
0.192846	19.5176
0.192847	19.5152
0.192847	19.5143
0.192847	19.5145
0.192847	19.5159
0.192847	19.514
0.192847	19.5169
0.192848	19.5174
0.192848	19.517
0.192848	19.5171
0.192849	19.5164
0.192849	19.5188
0.192849	19.5184
0.192849	19.5126
0.192849	19.5127
0.19285	19.5129
0.19285	19.515
0.19285	19.5138
0.19285	19.513
0.192851	19.5179
0.192852	19.517
0.192852	19.5172
0.192853	19.5145
0.192854	19.5169
0.192854	19.5168
0.192854	19.5186
0.192855	19.5161
0.192855	19.5186
0.192855	19.5161
0.192856	19.5179
0.192856	19.5149
0.192856	19.514
0.192856	19.5141
0.192856	19.5146
0.192857	19.514
0.19286	19.5166
0.192862	19.5192
0.192863	19.5169
0.192863	19.5163
0.192864	19.5148
0.192866	19.514
0.192866	19.5199
0.192869	19.5202
0.193303	19.0529
0.194588	17.8537
0.194591	17.8522
0.194593	17.8537
0.194594	17.8509
0.194595	17.8502
0.194595	17.8561
0.194595	17.8572
0.194596	17.8505
0.194597	17.8561
0.194597	17.8497
0.194597	17.8509
0.194597	17.8578
0.194598	17.8576
0.194598	17.8548
0.194599	17.8512
0.1946	17.856
0.1946	17.8581
0.1946	17.8559
0.1946	17.8498
0.1946	17.8545
0.1946	17.8569
0.194601	17.852
0.194602	17.8562
0.194603	17.8501
0.194603	17.8518
0.194603	17.8573
0.194604	17.8521
0.194604	17.8553
0.194605	17.8584
0.194605	17.8566
0.194606	17.8536
0.194606	17.8522
0.194606	17.8546
0.194606	17.8555
0.194606	17.8573
0.194607	17.8597
0.194607	17.8531
0.194608	17.8544
0.194608	17.8577
0.194608	17.8549
0.194608	17.8592
0.194608	17.8553
0.194608	17.8528
0.194608	17.8541
0.194609	17.8519
0.194609	17.8566
0.194609	17.8584
0.19461	17.8507
0.19461	17.8584
0.19461	17.8545
0.194611	17.853
0.194611	17.8579
0.194612	17.8564
0.194612	17.8555
0.194612	17.8546
0.194613	17.8589
0.194614	17.8537
0.194614	17.8601
0.194614	17.8533
0.194614	17.8569
0.194614	17.8545
0.194615	17.8509
0.194615	17.8569
0.194615	17.8598
0.194616	17.8518
0.194617	17.8592
0.194617	17.8543
0.194619	17.8575
0.194619	17.8518
0.19462	17.8556
0.19462	17.8556
0.194621	17.8566
0.194621	17.8591
0.194622	17.8572
0.194623	17.8539
0.194624	17.8546
0.194624	17.8529
0.194624	17.853
0.194624	17.8593
0.194624	17.8519
0.194629	17.8532
0.19463	17.8613
0.195012	17.7521
0.196187	17.5739
0.196187	17.5813
0.19619	17.5812
0.196191	17.5819
0.196192	17.581
0.196193	17.5811
0.196195	17.5726
0.196195	17.5734
0.196196	17.5804
0.196197	17.5808
0.196198	17.5786
0.196198	17.5738
0.196199	17.5766
0.196199	17.5822
0.196199	17.5805
0.1962	17.5809
0.1962	17.5776
0.196201	17.5736
0.196201	17.5762
0.196201	17.5764
0.196201	17.5752
0.196203	17.5834
0.196203	17.5775
0.196203	17.5815
0.196204	17.5752
0.196204	17.5766
0.196204	17.5745
0.196205	17.5808
0.196206	17.5796
0.196206	17.5831
0.196206	17.5791
0.196207	17.5766
0.196207	17.5788
0.196207	17.5781
0.196208	17.5832
0.196208	17.5788
0.196208	17.5764
0.196208	17.576
0.196208	17.5763
0.196208	17.5828
0.196208	17.5819
0.196209	17.5743
0.19621	17.5781
0.19621	17.581
0.196211	17.5776
0.196212	17.5777
0.196212	17.5791
0.196213	17.5793
0.196213	17.5829
0.196213	17.579
0.196214	17.5761
0.196214	17.581
0.196214	17.5805
0.196215	17.5755
0.196215	17.582
0.196215	17.5812
0.196215	17.5805
0.196216	17.5762
0.196216	17.5783
0.196216	17.5813
0.196217	17.5803
0.196217	17.5765
0.19622	17.5756
0.19622	17.5779
0.19622	17.582
0.196221	17.5797
0.196222	17.5817
0.196222	17.5769
0.196223	17.5795
0.196224	17.5816
0.196225	17.5768
0.196225	17.5762
0.196225	17.5813
0.196226	17.5828
0.197269	18.3306
0.197596	18.6309
0.197608	18.6303
0.19761	18.6319
0.197612	18.6312
0.197613	18.6307
0.197614	18.6354
0.197615	18.6342
0.197615	18.6355
0.197615	18.6329
0.197616	18.635
0.197617	18.6313
0.197617	18.6331
0.197618	18.6294
0.197618	18.6308
0.197619	18.6305
0.19762	18.6349
0.19762	18.6344
0.197622	18.6308
0.197622	18.6297
0.197622	18.632
0.197622	18.633
0.197622	18.6348
0.197623	18.6328
0.197624	18.6342
0.197624	18.6307
0.197624	18.6332
0.197625	18.6312
0.197625	18.634
0.197625	18.6342
0.197625	18.6355
0.197626	18.6318
0.197626	18.6346
0.197626	18.6356
0.197627	18.6359
0.197627	18.6343
0.197627	18.6315
0.197628	18.6343
0.197628	18.63
0.197629	18.6327
0.197629	18.6307
0.197629	18.6326
0.197631	18.6321
0.197631	18.6316
0.197632	18.6352
0.197632	18.6338
0.197632	18.6304
0.197633	18.6304
0.197633	18.6342
0.197634	18.6327
0.197634	18.6334
0.197634	18.6327
0.197634	18.6308
0.197637	18.6339
0.197638	18.6364
0.197639	18.6371
0.197639	18.637
0.19764	18.6365
0.19764	18.6322
0.197643	18.6315
0.197643	18.6318
0.197644	18.6312
0.197644	18.6315
0.197648	18.6367
0.197654	18.6344
0.198581	20.1623
0.198819	20.6333
0.198824	20.6372
0.198828	20.6369
0.198828	20.6371
0.198828	20.6352
0.198831	20.6346
0.198832	20.6364
0.198834	20.6349
0.198836	20.6365
0.198837	20.638
0.198839	20.638
0.19884	20.6365
0.198841	20.6378
0.198841	20.6361
0.198842	20.6373
0.198842	20.6361
0.198842	20.6375
0.198843	20.6372
0.198843	20.6379
0.198843	20.6385
0.198844	20.6373
0.198844	20.637
0.198845	20.6378
0.198846	20.6378
0.198846	20.6386
0.198846	20.6386
0.198847	20.6383
0.198848	20.639
0.198848	20.6388
0.198849	20.6392
0.198849	20.6371
0.198849	20.6391
0.19885	20.6376
0.198852	20.6385
0.198852	20.6387
0.198852	20.6373
0.198852	20.6383
0.198853	20.6371
0.198853	20.6377
0.198853	20.6373
0.198853	20.64
0.198853	20.6388
0.198854	20.64
0.198855	20.6394
0.198855	20.6383
0.198855	20.6386
0.198856	20.6384
0.198859	20.6376
0.198859	20.64
0.19886	20.6393
0.198862	20.6403
0.198862	20.6385
0.198864	20.6378
0.198867	20.6396
0.199752	21.8696
0.199829	22.0259
0.199831	22.0255
0.199832	22.0263
0.199835	22.0259
0.199838	22.0267
0.199841	22.027
0.199845	22.0278
0.199846	22.0271
0.199848	22.0276
0.199848	22.0277
0.199848	22.0278
0.19985	22.0281
0.19985	22.0283
0.19985	22.0281
0.19985	22.0278
0.199851	22.0283
0.199851	22.0286
0.199852	22.0284
0.199852	22.028
0.199853	22.0281
0.199853	22.0278
0.199853	22.0284
0.199855	22.0288
0.199855	22.029
0.199856	22.0288
0.199856	22.0288
0.199856	22.0288
0.199856	22.0284
0.199858	22.0289
0.199861	22.0292
0.199861	22.0292
0.199861	22.0296
0.199861	22.0291
0.199865	22.0297
0.199866	22.0297
0.199866	22.0299
0.199867	22.0294
0.199867	22.0303
0.199869	22.0298
0.19987	22.0305
0.199875	22.0302
0.199882	22.0313
0.199887	22.0323
0.200019	22.1193
0.200644	22.4533
0.200649	22.454
0.200653	22.4545
0.200654	22.4539
0.200655	22.4542
0.200656	22.4549
0.200656	22.4547
0.200658	22.4549
0.200659	22.455
0.20066	22.4553
0.20066	22.4553
0.200661	22.4548
0.200662	22.4552
0.200664	22.4557
0.200666	22.4558
0.200667	22.4561
0.200667	22.4558
0.200667	22.4561
0.200668	22.4556
0.200668	22.4558
0.200669	22.4563
0.200669	22.456
0.20067	22.4561
0.200671	22.456
0.200671	22.4567
0.200673	22.4564
0.200674	22.4569
0.200674	22.4566
0.200674	22.4565
0.200677	22.4567
0.20068	22.4575
0.20068	22.4572
0.200687	22.4576
0.200693	22.4586
0.200868	22.4313
0.201264	22.3658
0.201264	22.3655
0.201267	22.3658
0.201268	22.366
0.201269	22.3662
0.201273	22.3662
0.201275	22.3671
0.201277	22.3669
0.201279	22.3676
0.201279	22.3673
0.201281	22.3671
0.201282	22.3679
0.201284	22.3678
0.201285	22.368
0.201287	22.3683
0.201288	22.3685
0.20129	22.369
0.201291	22.3682
0.201292	22.369
0.201293	22.3691
0.201301	22.37
0.201307	22.3699
0.201308	22.3709
0.201312	22.371
0.201319	22.3716
0.201416	22.3035
0.201723	22.1415
0.201723	22.1414
0.201725	22.1413
0.20173	22.1418
0.201732	22.1421
0.201734	22.1425
0.201735	22.1426
0.201738	22.1432
0.201738	22.1431
0.201739	22.143
0.201739	22.1435
0.201742	22.1434
0.201744	22.1436
0.201746	22.1437
0.201746	22.1439
0.201748	22.1442
0.201752	22.1446
0.201755	22.1446
0.202023	21.8577
0.202024	21.8084
0.202027	21.8087
0.202042	21.8113
0.20205	21.8113
0.202051	21.8114
0.202051	21.8114
0.202055	21.8112
0.202059	21.8124
0.202069	21.8132
0.202075	21.8138
0.202076	21.8136
0.202168	21.5708
0.202232	21.3653
0.202247	21.3671
0.202247	21.3671
0.202251	21.3675
0.202253	21.3677
0.202256	21.3681
0.202269	21.3692
0.202346	21.0031
0.202369	20.9171
0.202373	20.9174
0.202405	20.921
0.202425	20.8196
0.202427	20.5537
0.202456	20.5568
0.202484	20.2415
0.202499	20.3656
0.202536	20.0749
0.202562	19.9427
0.202563	19.7866
0.202587	19.5707
0.202591	19.3584
0.202617	19.4239
0.202652	18.8225
0.202676	18.8252
0.202683	18.6569
0.202717	17.9896
0.202722	17.9899
0.202731	17.6656
0.202766	16.2685
0.202782	16.8994
0.202798	16.9009
0.20283	15.3008
0.202843	15.3021
0.202869	14.0778
0.202875	12.796
0.202905	9.43647
0.202914	12.7976
0.202954	8.22372
0.202979	5.16129
0.202983	1.85346
