(title "Circumferential Averages")
(labels "Radius" "Specific Dissipation Rate (Omega)")

((xy/key/label "")
0.142018	8.20513e+06
0.14203	1.94689e+06
0.142063	672851
0.142074	945840
0.142078	647878
0.142142	275143
0.142152	275163
0.142153	275165
0.142161	275181
0.1422	220886
0.142264	135723
0.142265	135725
0.142268	135727
0.142268	135728
0.142272	135731
0.142276	135735
0.142283	135742
0.142444	89985
0.142455	84236.8
0.142457	84238.5
0.142458	84239.5
0.14246	84240.5
0.142463	84242.2
0.142466	84244.1
0.142467	84243.7
0.142467	84244.2
0.142468	84244.3
0.142474	84248.1
0.142622	70296.6
0.142736	59350.3
0.142738	59352.1
0.142739	59353.4
0.14274	59351.5
0.142741	59350.7
0.142741	59351.8
0.142742	59352.9
0.142743	59353.2
0.142744	59354.8
0.142747	59353.4
0.142749	59354.7
0.14275	59356.6
0.14275	59355
0.142755	59358.6
0.142756	59360
0.142891	48378.6
0.143115	29641.7
0.143124	29643.5
0.143126	29644.2
0.143127	29644.5
0.143128	29644.6
0.143128	29644.8
0.143128	29644.8
0.143129	29645.1
0.143129	29645
0.14313	29645.2
0.143132	29645.4
0.143132	29645.8
0.143132	29645.3
0.143133	29646.1
0.143134	29645.9
0.143135	29645.8
0.143135	29646
0.143135	29645.8
0.143138	29646.3
0.143138	29647
0.143147	29649.1
0.143309	24266.7
0.143636	14203.4
0.143639	14203.4
0.14364	14203.9
0.14364	14203.5
0.14364	14204.1
0.143643	14203.5
0.143643	14203.9
0.143643	14204
0.143644	14204.1
0.143644	14204.2
0.143644	14204.4
0.143645	14204.5
0.143647	14204.1
0.143648	14204.3
0.143648	14204.8
0.14365	14204.8
0.14365	14204.9
0.143651	14204.8
0.143653	14205
0.143654	14205.2
0.143655	14205.1
0.143655	14205.1
0.143656	14205.4
0.143658	14205.3
0.143658	14205.3
0.143659	14205.5
0.14366	14205.5
0.143665	14206
0.1441	14381.1
0.144288	14472.5
0.14429	14473.7
0.14429	14475.4
0.144295	14473.3
0.144295	14475.6
0.144295	14473.4
0.144295	14475.6
0.144297	14475.4
0.144297	14474.7
0.144297	14475.4
0.144297	14478.5
0.144298	14475.7
0.1443	14476.6
0.1443	14474.2
0.1443	14474.7
0.144301	14478.3
0.144301	14474.3
0.144302	14475.6
0.144302	14478
0.144303	14477.3
0.144303	14479.2
0.144303	14474.6
0.144305	14475.1
0.144305	14476.2
0.144305	14478.5
0.144305	14475.7
0.144306	14478.6
0.144306	14478.5
0.144307	14478.3
0.144308	14478.6
0.144308	14477.5
0.144313	14477.8
0.144313	14477.8
0.144314	14480.3
0.144322	14475.6
0.145012	13411.8
0.145094	13236.4
0.145096	13234.9
0.145098	13235.5
0.145099	13234.2
0.1451	13235.7
0.145101	13236.9
0.145102	13237.3
0.145103	13234.4
0.145103	13233.7
0.145104	13235.9
0.145104	13233.2
0.145104	13235.8
0.145105	13232.4
0.145105	13234.8
0.145105	13232.5
0.145106	13235.4
0.145106	13234.8
0.145107	13236
0.145108	13237.1
0.145108	13233.9
0.145109	13234.5
0.145109	13234.2
0.14511	13237.8
0.145111	13232
0.145111	13232.1
0.145111	13235.8
0.145111	13233.6
0.145111	13235.5
0.145111	13232.6
0.145112	13233.2
0.145112	13238.4
0.145113	13237.3
0.145113	13233.5
0.145114	13232.7
0.145115	13234.8
0.145116	13234.3
0.145117	13235.1
0.145117	13233.6
0.145117	13238.1
0.145117	13239
0.145118	13233.5
0.145118	13237.3
0.1457	12603.2
0.146037	12236.7
0.146046	12237.8
0.146046	12235.6
0.14605	12236.8
0.14605	12238.7
0.146054	12233
0.146054	12232.8
0.146054	12236
0.146054	12232.9
0.146055	12237.9
0.146056	12236.6
0.146056	12236.8
0.146056	12233.6
0.146056	12238.1
0.146057	12238.6
0.146057	12237.6
0.146057	12239.3
0.146057	12236.5
0.146058	12233.8
0.146059	12234
0.146059	12235.1
0.14606	12234.3
0.14606	12234.8
0.14606	12238.7
0.14606	12239.3
0.14606	12236
0.14606	12237.5
0.146061	12232.9
0.146061	12232.6
0.146061	12237.4
0.146062	12239
0.146062	12235.5
0.146063	12236.6
0.146063	12236.1
0.146063	12237.5
0.146063	12235.8
0.146063	12233.7
0.146063	12235
0.146064	12235.4
0.146065	12236.5
0.146065	12235.4
0.146066	12236
0.146067	12234.6
0.146069	12233.3
0.146069	12238.5
0.14607	12240.6
0.146072	12234.4
0.146072	12236.9
0.146072	12234
0.146076	12234.9
0.147145	10547.5
0.147152	10542.6
0.147153	10550
0.147153	10550.4
0.147154	10549.8
0.147155	10549.6
0.147155	10546.1
0.147155	10546.2
0.147155	10541.6
0.147156	10550.6
0.147156	10549.6
0.147157	10548.7
0.147157	10542.4
0.147157	10547.3
0.147157	10542.4
0.147158	10544.5
0.147159	10549.6
0.14716	10544.4
0.14716	10550.6
0.147161	10548.5
0.147162	10543.9
0.147162	10548.3
0.147162	10544.4
0.147162	10545.6
0.147163	10544
0.147163	10545.4
0.147163	10541.8
0.147163	10543.3
0.147163	10547.6
0.147164	10533.3
0.147164	10544.7
0.147164	10546.4
0.147164	10545.1
0.147165	10546.4
0.147165	10548
0.147165	10549.8
0.147165	10551.5
0.147165	10546
0.147165	10544
0.147166	10546.2
0.147166	10548.3
0.147166	10546.5
0.147166	10547.4
0.147166	10551.9
0.147167	10545.5
0.147167	10552.2
0.147167	10551.4
0.147167	10549.8
0.147168	10542.4
0.14717	10547.5
0.147171	10549.7
0.147171	10551
0.147171	10549.2
0.147171	10543.3
0.147173	10543.6
0.147175	10544.5
0.147182	10543.1
0.147525	9770.49
0.148383	8087.91
0.14839	8089.33
0.148392	8087.22
0.148392	8085.34
0.148393	8082.5
0.148394	8089.56
0.148395	8082.65
0.148396	8085.12
0.148396	8088.45
0.148397	8090.22
0.148397	8086.38
0.148397	8081.32
0.148398	8082.54
0.148398	8087.74
0.148398	8083.29
0.148399	8089.66
0.1484	8087.04
0.1484	8081.07
0.1484	8086.34
0.148401	8081.88
0.148401	8084.45
0.148401	8081.88
0.148402	8083.38
0.148402	8089.26
0.148402	8084.99
0.148402	8085.85
0.148403	8085.08
0.148404	8087.18
0.148404	8084.26
0.148404	8084.71
0.148405	8090.24
0.148405	8087.45
0.148405	8088.42
0.148405	8082.07
0.148405	8090.15
0.148405	8085.27
0.148405	8087.37
0.148406	8088.9
0.148406	8087.17
0.148406	8082.66
0.148406	8087.92
0.148407	8082.23
0.148407	8086.22
0.148407	8086.09
0.148407	8083.81
0.148407	8089.97
0.148408	8088.04
0.148408	8083.22
0.148408	8084.78
0.148408	8084.76
0.148408	8083.7
0.148408	8091.3
0.148408	8084.44
0.148408	8086.6
0.148409	8084.45
0.148409	8089.2
0.148409	8081.77
0.14841	8082.87
0.14841	8089.84
0.148411	8081.55
0.148411	8087.25
0.148412	8088.23
0.148417	8082.03
0.148436	8061.14
0.149756	7314.39
0.149758	7312.58
0.14976	7310.74
0.14976	7305.55
0.149761	7313.82
0.149761	7309.65
0.149761	7305.6
0.149762	7305.11
0.149762	7306.09
0.149762	7309.79
0.149764	7314.99
0.149764	7307.7
0.149765	7312.76
0.149765	7311.6
0.149766	7309.52
0.149766	7309.99
0.149766	7305.44
0.149766	7310.4
0.149766	7301.1
0.149767	7309.15
0.149767	7306.88
0.149767	7312.07
0.149767	7308.01
0.149768	7308.66
0.149768	7310.59
0.149768	7310.73
0.149768	7313.72
0.149769	7313.94
0.14977	7314.26
0.14977	7307.97
0.14977	7314.47
0.149771	7312.1
0.149771	7308.3
0.149771	7307.24
0.149771	7307.81
0.149771	7310.35
0.149771	7312.69
0.149771	7315.03
0.149772	7313.45
0.149773	7309.02
0.149773	7305.29
0.149773	7307.13
0.149773	7315.45
0.149773	7306.4
0.149773	7309.48
0.149773	7313.27
0.149774	7311.07
0.149774	7309.32
0.149775	7315.91
0.149776	7314.8
0.149776	7312.33
0.149776	7316.37
0.149776	7308.28
0.149776	7307.66
0.149777	7313.08
0.149777	7312.07
0.149777	7312.15
0.149777	7313.98
0.149778	7311.69
0.149778	7313.79
0.149778	7311.54
0.149778	7306.86
0.149779	7309.32
0.149779	7314.75
0.149779	7311.13
0.149781	7307.14
0.149781	7309.11
0.149784	7316.37
0.149789	7306.94
0.149793	7308.69
0.150975	7379.1
0.15123	7346.3
0.151235	7350.23
0.151237	7343.35
0.151237	7342.03
0.151238	7353.75
0.151238	7348.08
0.151238	7347.54
0.151239	7346.22
0.151239	7344.16
0.15124	7350.89
0.15124	7352.53
0.15124	7350.51
0.151242	7342.99
0.151242	7349.3
0.151242	7350.28
0.151242	7349.9
0.151243	7348.51
0.151244	7342.02
0.151244	7351.59
0.151244	7352.35
0.151245	7352.53
0.151245	7345
0.151245	7345.68
0.151245	7341.37
0.151246	7353.37
0.151246	7344.91
0.151246	7353.4
0.151246	7341.88
0.151247	7345.37
0.151247	7354.1
0.151247	7353.82
0.151247	7350.02
0.151247	7347.8
0.151248	7349.24
0.151248	7343.41
0.151249	7353.47
0.15125	7345.95
0.151251	7349.74
0.151251	7345
0.151251	7341.62
0.151252	7344.29
0.151252	7353.04
0.151252	7349.17
0.151253	7342.38
0.151253	7354.39
0.151253	7348.06
0.151254	7344.17
0.151254	7344.94
0.151254	7354.25
0.151254	7347.34
0.151254	7350.45
0.151254	7346.07
0.151255	7342.66
0.151255	7347.82
0.151256	7352.84
0.151256	7351.93
0.151256	7343.14
0.151256	7349.98
0.151257	7343.13
0.151257	7348.6
0.151257	7346.99
0.151257	7345.76
0.151257	7353.67
0.151258	7343.81
0.151258	7345.97
0.151258	7351.27
0.151258	7346.82
0.15126	7346.81
0.151261	7344.96
0.151261	7350.12
0.151262	7347.75
0.151265	7352.86
0.151266	7349.21
0.151266	7352.19
0.151809	7410.53
0.152813	7345.93
0.152817	7344.29
0.152818	7353.81
0.152819	7354.29
0.152821	7354.91
0.152821	7349.95
0.152822	7348.92
0.152823	7358.51
0.152824	7344.63
0.152824	7348.64
0.152824	7348.39
0.152824	7350.51
0.152825	7353.14
0.152825	7356.8
0.152825	7351.11
0.152825	7355.97
0.152825	7352.37
0.152826	7349.57
0.152826	7345.21
0.152826	7354.85
0.152826	7351.17
0.152827	7357.15
0.152827	7353.54
0.152828	7356.58
0.152828	7355.61
0.152828	7357.9
0.152828	7353.33
0.152828	7346.52
0.152829	7351.67
0.152829	7345.75
0.152829	7359.55
0.152829	7357.72
0.152829	7347.82
0.15283	7359.92
0.15283	7347.08
0.15283	7359.32
0.15283	7348.98
0.15283	7351.36
0.152831	7346.3
0.152832	7347.66
0.152832	7346.98
0.152833	7359.75
0.152833	7349.59
0.152833	7346.46
0.152834	7358.91
0.152834	7347.52
0.152834	7359.74
0.152834	7352.89
0.152834	7358.13
0.152834	7350.5
0.152835	7350.77
0.152835	7346.1
0.152835	7349.65
0.152835	7355.3
0.152835	7352.16
0.152836	7353.85
0.152836	7358.72
0.152836	7356.73
0.152837	7356.58
0.152837	7348.11
0.152837	7357.76
0.152838	7348.28
0.152838	7354.43
0.152838	7355.03
0.152838	7357.53
0.152839	7350.72
0.152839	7345.91
0.152839	7359.03
0.152839	7352.5
0.15284	7353.34
0.152841	7356.46
0.152841	7353.67
0.152841	7348.96
0.152842	7354.69
0.152843	7350.37
0.152847	7352.06
0.152848	7360.24
0.15285	7347.65
0.152854	7357.03
0.153459	7437.17
0.154477	7353.01
0.154477	7352.75
0.15448	7364.01
0.15448	7367.18
0.154482	7353.74
0.154482	7356.46
0.154483	7357.96
0.154484	7359.23
0.154484	7361.41
0.154485	7352
0.154485	7364.38
0.154485	7357.41
0.154487	7354.31
0.154487	7364.53
0.154488	7355.61
0.154489	7363.2
0.154489	7352.75
0.154489	7363.84
0.15449	7361.8
0.15449	7352.65
0.15449	7356.19
0.15449	7356.32
0.15449	7359.22
0.154491	7358.48
0.154491	7358.85
0.154491	7351.02
0.154492	7353.91
0.154493	7359.69
0.154493	7351.51
0.154493	7352.56
0.154493	7366.76
0.154493	7352.06
0.154494	7353.93
0.154494	7355.83
0.154494	7362.18
0.154495	7363.38
0.154495	7363.89
0.154495	7361.19
0.154495	7366.46
0.154496	7365.75
0.154496	7366.07
0.154497	7360.02
0.154497	7359.1
0.154497	7364.07
0.154497	7352.88
0.154497	7355.66
0.154497	7359.42
0.154498	7361.29
0.154498	7363.46
0.154498	7362.28
0.154498	7357.73
0.154498	7355.14
0.154499	7356.2
0.154499	7358.13
0.154499	7365.36
0.154499	7361.02
0.154499	7359.22
0.1545	7353.35
0.1545	7357.19
0.154501	7360.36
0.154501	7352.6
0.154501	7354.87
0.154501	7367.14
0.154501	7367.31
0.154501	7363.23
0.154501	7361.9
0.154502	7352.99
0.154502	7351.39
0.154502	7366.15
0.154503	7360.92
0.154503	7362.11
0.154503	7355.09
0.154505	7363.69
0.154505	7361.23
0.154506	7356.57
0.154506	7365.98
0.154507	7357.87
0.154507	7355.82
0.154507	7358.28
0.154507	7363.16
0.154511	7366.39
0.154516	7367.62
0.154527	7366.18
0.155433	7436.02
0.156215	7315.86
0.156217	7315.75
0.156217	7310.65
0.156219	7314.66
0.15622	7305.26
0.156223	7308.61
0.156223	7314.37
0.156223	7306.99
0.156224	7306.18
0.156224	7310.1
0.156225	7318.76
0.156225	7319.27
0.156226	7304.91
0.156226	7305.68
0.156227	7313.32
0.156227	7307.11
0.156227	7306.15
0.156227	7304.51
0.156227	7305.33
0.156227	7317.93
0.156228	7306.22
0.156229	7317.57
0.156229	7310.27
0.156229	7318.14
0.15623	7313
0.15623	7313.19
0.15623	7312.19
0.15623	7308.14
0.15623	7311.67
0.156231	7304.58
0.156231	7308.22
0.156231	7312.86
0.156231	7311.28
0.156232	7312.16
0.156232	7311.72
0.156232	7312.98
0.156232	7317.53
0.156233	7314.25
0.156233	7318.7
0.156234	7304.75
0.156234	7319.34
0.156234	7315.86
0.156234	7316.92
0.156235	7313.81
0.156235	7310.59
0.156235	7308.6
0.156236	7312.59
0.156236	7317.57
0.156236	7315.29
0.156236	7307.44
0.156236	7312.92
0.156237	7310.06
0.156237	7310.99
0.156237	7310.07
0.156237	7315.98
0.156237	7304.96
0.156238	7315.98
0.156238	7317.54
0.156238	7310.54
0.156238	7308.29
0.156238	7309.2
0.156239	7305.66
0.156239	7309.67
0.156239	7309.44
0.156239	7316.75
0.156239	7315.35
0.156239	7320.08
0.15624	7314.77
0.15624	7314.25
0.15624	7315.04
0.156241	7306.72
0.156241	7307.48
0.156242	7310.24
0.156242	7311.57
0.156243	7319.55
0.156243	7315.94
0.156243	7305.48
0.156244	7310.77
0.156244	7309.12
0.156244	7319.51
0.156245	7319.44
0.156247	7318.13
0.156248	7308.3
0.156248	7317.63
0.15625	7316.99
0.156252	7309.14
0.156988	7398.72
0.158006	7280.05
0.158013	7280.05
0.158021	7271.03
0.158021	7272.99
0.158022	7279.92
0.158023	7274.18
0.158023	7280.29
0.158023	7270.94
0.158024	7271.32
0.158025	7280.76
0.158025	7273.01
0.158026	7271.88
0.158026	7274.21
0.158026	7271.84
0.158026	7279.67
0.158026	7272.73
0.158027	7274.98
0.158028	7279.23
0.158028	7281.94
0.158028	7277.08
0.158028	7273.94
0.158028	7279.31
0.158029	7277.45
0.158029	7283.79
0.158029	7273.22
0.158029	7283.19
0.158029	7275.83
0.15803	7278.62
0.158031	7278.11
0.158031	7276.86
0.158031	7279.52
0.158031	7278.75
0.158031	7276.25
0.158032	7277.75
0.158032	7279.16
0.158032	7272.75
0.158032	7277.16
0.158032	7276.02
0.158032	7276.18
0.158032	7279.58
0.158032	7277.88
0.158033	7272.73
0.158033	7282.62
0.158033	7273.76
0.158033	7281.85
0.158033	7276.3
0.158034	7276.25
0.158035	7277.86
0.158035	7283.59
0.158035	7281.14
0.158035	7281.09
0.158035	7278.6
0.158035	7279.04
0.158035	7277.64
0.158036	7283.93
0.158036	7276.84
0.158036	7281.78
0.158036	7281.39
0.158036	7271.57
0.158036	7282.93
0.158036	7274.28
0.158036	7282.21
0.158037	7282.64
0.158038	7275.22
0.158038	7275.9
0.158039	7275.85
0.158039	7275.25
0.158039	7283.42
0.158039	7272.82
0.15804	7283.75
0.158041	7272.45
0.158041	7278.61
0.158041	7283.77
0.158041	7274.39
0.158041	7280.95
0.158041	7280.46
0.158042	7273.31
0.158042	7282.64
0.158042	7276.08
0.158043	7274.58
0.158043	7279.52
0.158043	7276.1
0.158043	7272.52
0.158043	7272.61
0.158045	7280.97
0.158045	7275.55
0.158045	7272.08
0.158046	7283.41
0.158048	7278.27
0.158943	7345.62
0.159865	7236.81
0.159866	7229.62
0.159872	7230.6
0.159873	7231.54
0.159873	7230.43
0.159873	7234.07
0.159874	7234.66
0.159874	7237.81
0.159874	7229.34
0.159876	7232.92
0.159877	7231.47
0.159877	7232
0.159877	7237.18
0.159877	7232.6
0.159877	7231.18
0.159877	7235.47
0.159877	7236.12
0.15988	7237.79
0.15988	7235.83
0.159881	7237.76
0.159881	7236.43
0.159881	7237.67
0.159882	7236.79
0.159882	7232.65
0.159882	7231.77
0.159882	7235.07
0.159884	7232.53
0.159884	7237.16
0.159884	7233.82
0.159884	7234.66
0.159884	7230.32
0.159884	7236.69
0.159885	7230.71
0.159885	7233.45
0.159885	7238.02
0.159885	7233.2
0.159885	7231.93
0.159885	7236.98
0.159886	7231.93
0.159886	7235.56
0.159886	7235.78
0.159886	7232.18
0.159886	7236.24
0.159887	7235.06
0.159887	7234.53
0.159887	7232.94
0.159887	7232.08
0.159888	7236.43
0.159888	7229.65
0.159889	7230.3
0.159889	7236.61
0.15989	7237.36
0.159891	7231.99
0.159891	7235.1
0.159891	7231.43
0.159891	7232.84
0.159891	7234.71
0.159891	7235.2
0.159891	7234.05
0.159891	7229.87
0.159892	7234.7
0.159892	7231.53
0.159892	7234
0.159892	7236.56
0.159892	7235.36
0.159892	7231.51
0.159892	7233.93
0.159894	7232.86
0.159894	7230.58
0.159894	7237.36
0.159895	7234.38
0.159895	7237.69
0.159895	7238.23
0.159896	7234.65
0.159896	7231.31
0.159897	7237.13
0.159897	7231.27
0.159897	7231.53
0.159897	7230.37
0.159897	7235.57
0.159897	7236.69
0.159897	7233.92
0.159898	7231.63
0.159898	7235.27
0.159899	7230.6
0.1599	7233.24
0.1599	7238.82
0.1599	7234.5
0.159902	7232.93
0.159902	7238.72
0.159906	7238.15
0.160153	7317.55
0.16177	7190.37
0.161771	7192
0.161772	7192.25
0.161774	7191.07
0.161775	7189.81
0.161775	7190.46
0.161775	7190.35
0.161775	7191.08
0.161776	7189.08
0.161776	7189.82
0.161776	7191.38
0.161776	7192.78
0.161776	7191.96
0.161777	7190.61
0.161777	7191.77
0.161777	7190.2
0.161778	7190
0.161779	7189.98
0.161779	7191.31
0.161779	7192.81
0.16178	7191.25
0.16178	7193.09
0.16178	7191.85
0.16178	7192.91
0.161781	7191.59
0.161781	7193.34
0.161781	7193.49
0.161781	7190.96
0.161782	7192.99
0.161782	7192.28
0.161782	7190.02
0.161782	7191.97
0.161782	7191.09
0.161782	7192.02
0.161783	7190.56
0.161783	7193.2
0.161783	7191.05
0.161784	7189.85
0.161784	7190.95
0.161784	7192.33
0.161784	7192.37
0.161784	7192.44
0.161784	7190.17
0.161784	7191.98
0.161784	7191.56
0.161784	7191.82
0.161785	7191.31
0.161785	7193.1
0.161785	7193.12
0.161785	7190.57
0.161785	7192.87
0.161785	7192.25
0.161785	7191.73
0.161786	7191.55
0.161786	7193.04
0.161786	7162.17
0.161787	7191.34
0.161787	7193.06
0.161787	7191.61
0.161787	7191.21
0.161787	7191.49
0.161788	7190.9
0.161788	7190.47
0.161789	7191.74
0.161789	7190.51
0.161789	7193.55
0.161789	7190.41
0.161789	7190.05
0.161789	7192.74
0.161789	7190.88
0.16179	7191
0.16179	7193.14
0.16179	7192.46
0.16179	7192.54
0.161791	7191.46
0.161791	7193.06
0.161792	7192.54
0.161792	7191.9
0.161793	7190.32
0.161794	7193.32
0.161795	7193.91
0.161795	7190.41
0.161795	7192.01
0.161795	7192.31
0.161796	7191.13
0.161796	7192.9
0.161797	7193.97
0.161797	7193.23
0.161798	7193.25
0.161799	7194.34
0.161799	7191.73
0.1618	7192.09
0.161802	7193.03
0.161802	7191.72
0.163119	7187.47
0.163709	7153.34
0.16371	7154.09
0.16371	7153.13
0.163712	7152.36
0.163713	7154.12
0.163714	7152.18
0.163714	7154.22
0.163714	7154.22
0.163715	7152.59
0.163716	7153.53
0.163716	7152.94
0.163716	7154.42
0.163717	7154.35
0.163717	7154.18
0.163717	7154.09
0.163719	7153.93
0.163719	7153.08
0.16372	7152.59
0.16372	7152.46
0.16372	7153.73
0.163721	7154.21
0.163721	7154.07
0.163721	7154.21
0.163722	7152.86
0.163722	7154.17
0.163722	7154.37
0.163722	7153.81
0.163722	7154.31
0.163723	7153.53
0.163723	7153.24
0.163723	7154.12
0.163724	7154.19
0.163724	7153.66
0.163724	7153.4
0.163724	7153.27
0.163724	7154.61
0.163725	7152.62
0.163725	7154.97
0.163725	7154.15
0.163726	7154.39
0.163726	7154.88
0.163726	7154.47
0.163726	7153.21
0.163726	7154.14
0.163726	7153.88
0.163726	7153.77
0.163727	7153.7
0.163727	7153.96
0.163727	7154.47
0.163727	7153.68
0.163727	7153.38
0.163728	7153.31
0.163728	7153.84
0.163728	7154.74
0.163728	7153.63
0.163728	7153.49
0.163729	7154.24
0.163729	7154.19
0.163729	7154.3
0.16373	7153.55
0.16373	7153.14
0.16373	7154.51
0.16373	7154.54
0.16373	7153.64
0.16373	7153.88
0.16373	7153.54
0.163731	7153.56
0.163731	7154.82
0.163732	7153.84
0.163732	7154.11
0.163732	7153.66
0.163732	7154.78
0.163733	7153.34
0.163733	7153.06
0.163733	7153.39
0.163733	7153.73
0.163733	7154.21
0.163733	7153.33
0.163733	7154.48
0.163733	7153.62
0.163734	7154.43
0.163734	7153.3
0.163735	7153.9
0.163735	7154.3
0.163736	7154.75
0.163737	7155.41
0.163737	7155.08
0.163737	7154.34
0.163738	7153.62
0.163739	7155.04
0.163739	7154.06
0.16374	7154.02
0.163743	7154.3
0.163743	7155.5
0.163743	7155.14
0.164328	7118.18
0.165682	7116.84
0.165686	7116.48
0.165687	7117.84
0.165691	7118.59
0.165692	7112.91
0.165692	7114.92
0.165692	7114.56
0.165693	7113.13
0.165693	7114.41
0.165694	7117.24
0.165694	7115.86
0.165694	7118.32
0.165694	7117.04
0.165695	7113.95
0.165695	7115.51
0.165696	7119.09
0.165696	7119.85
0.165696	7114.98
0.165697	7115.37
0.165697	7119.46
0.165697	7116.76
0.165697	7114.57
0.165697	7112.55
0.165698	7115.62
0.165699	7119.19
0.165699	7118.33
0.165699	7117.4
0.165699	7113.9
0.165699	7113.45
0.1657	7118.66
0.1657	7112.44
0.1657	7119.36
0.1657	7118.95
0.1657	7116.9
0.1657	7115.6
0.1657	7116.51
0.165701	7117.57
0.165701	7115.99
0.165702	7117.06
0.165702	7115.39
0.165702	7116.7
0.165703	7114.99
0.165703	7120.2
0.165703	7116.23
0.165703	7114.95
0.165703	7114.22
0.165703	7114.76
0.165704	7114.96
0.165704	7112.73
0.165704	7118.86
0.165704	7117.45
0.165704	7112.96
0.165704	7116.65
0.165704	7116.71
0.165705	7113.96
0.165705	7114.9
0.165705	7119.72
0.165705	7115.99
0.165705	7118.44
0.165706	7116.86
0.165706	7113.55
0.165706	7117.75
0.165707	7112.98
0.165707	7118.06
0.165707	7118.15
0.165707	7114.15
0.165708	7114.38
0.165708	7116.73
0.165708	7113.96
0.165708	7120.25
0.165708	7118.22
0.165708	7117.46
0.165708	7114.06
0.165708	7119.46
0.165709	7119.38
0.165709	7119.83
0.165709	7114.4
0.16571	7119.55
0.16571	7120.22
0.16571	7113.73
0.165711	7116.07
0.165711	7116.96
0.165711	7114.17
0.165712	7116.95
0.165713	7119.16
0.165713	7118.96
0.165713	7118.66
0.165715	7116.58
0.165715	7117.35
0.165715	7115.92
0.165715	7115.06
0.165716	7114.05
0.165718	7118.17
0.165718	7115.71
0.165718	7113.87
0.165723	7118.7
0.165724	7113.76
0.165974	7065.46
0.167688	7088.92
0.167698	7081.63
0.167703	7088.15
0.167704	7082.03
0.167704	7079.74
0.167704	7080.22
0.167704	7079.39
0.167705	7086.52
0.167705	7082.66
0.167706	7079.13
0.167706	7087.11
0.167707	7081.92
0.167709	7085.31
0.167709	7083.17
0.16771	7080.76
0.16771	7084.75
0.167711	7078.27
0.167711	7085.31
0.167712	7079.46
0.167712	7086.14
0.167712	7078.93
0.167712	7086.92
0.167712	7087.07
0.167713	7088.09
0.167713	7083.01
0.167713	7088.82
0.167713	7084.11
0.167713	7088.12
0.167713	7088.64
0.167713	7081.1
0.167714	7079.24
0.167714	7082.64
0.167714	7084.26
0.167714	7080.49
0.167714	7088
0.167714	7083.86
0.167714	7087.21
0.167714	7089.25
0.167714	7089.65
0.167714	7089.7
0.167715	7077.91
0.167715	7079.59
0.167716	7087.28
0.167716	7089.67
0.167716	7084.1
0.167716	7078.28
0.167716	7082.62
0.167717	7084.35
0.167717	7085.31
0.167717	7081.88
0.167717	7086.32
0.167717	7086.66
0.167718	7083.23
0.167718	7090.18
0.167718	7088.56
0.167718	7078.07
0.167718	7084.86
0.167718	7089.2
0.167719	7089.52
0.167719	7082.22
0.167719	7083.63
0.167719	7081.03
0.167719	7080.86
0.167719	7086.92
0.16772	7089.16
0.16772	7081.69
0.16772	7085.14
0.167721	7079.15
0.167721	7085.01
0.167722	7077.75
0.167722	7086.96
0.167722	7082.32
0.167722	7080.19
0.167722	7080.27
0.167722	7086.08
0.167723	7080.89
0.167723	7083.71
0.167723	7079.69
0.167723	7079.04
0.167723	7088.29
0.167724	7085.97
0.167724	7082.99
0.167725	7085.73
0.167725	7083.6
0.167725	7082.15
0.167725	7087.19
0.167726	7055.1
0.167726	7080.27
0.167727	7078.85
0.167727	7086.89
0.167728	7082.02
0.167728	7088.71
0.167728	7086.56
0.167729	7085.8
0.167729	7086.57
0.16773	7084.89
0.167734	7079.77
0.167734	7082.57
0.167745	7080.21
0.168294	6963.5
0.169739	7050.55
0.169741	7043.7
0.169747	7048.48
0.169747	7043.58
0.169748	7047.37
0.169749	7056.14
0.16975	7055.93
0.16975	7043.95
0.16975	7051.71
0.169752	7055.95
0.169752	7047.01
0.169753	7044.97
0.169753	7047.49
0.169753	7058.32
0.169753	7044.03
0.169754	7046.38
0.169754	7058.97
0.169755	7053.7
0.169755	7054.86
0.169755	7051.91
0.169759	7053.01
0.169759	7049.61
0.169759	7050.48
0.16976	7046.19
0.16976	7059.28
0.16976	7049.03
0.16976	7056.23
0.16976	7050.41
0.169761	7059.48
0.169761	7044.7
0.169761	7057.85
0.169761	7053.01
0.169761	7053.3
0.169762	7057.51
0.169762	7053.25
0.169762	7055.55
0.169762	7051.7
0.169762	7057.44
0.169763	7054.6
0.169763	7049.92
0.169763	7045.15
0.169763	7050.83
0.169764	7057.62
0.169764	7045.81
0.169764	7051.95
0.169764	7054.75
0.169765	7051.58
0.169765	7052.59
0.169765	7044.38
0.169765	7050.41
0.169765	7059.77
0.169765	7057.95
0.169765	7048.91
0.169766	7047.3
0.169766	7049.24
0.169766	7051.92
0.169766	7055.82
0.169766	7055.54
0.169766	7055.17
0.169766	7050.57
0.169766	7044.36
0.169766	7058.32
0.169767	7045.22
0.169767	7058.11
0.169767	7053.86
0.169767	7056.89
0.169768	7046.99
0.169768	7050.99
0.169768	7057.47
0.169768	7053.15
0.169768	7058.46
0.169769	7044.84
0.169769	7046.72
0.169769	7045.65
0.169769	7051.76
0.169769	7056.48
0.169769	7049.46
0.169769	7044.38
0.16977	7047.65
0.16977	7048.92
0.16977	7049.14
0.169771	7045.96
0.169771	7054.48
0.169771	7050.8
0.169771	7048.83
0.169772	7060.16
0.169772	7048.47
0.169773	7059.2
0.169774	7052.85
0.169775	7046.87
0.169775	7055.23
0.169777	7059.55
0.169777	7054.27
0.169777	7053.9
0.169777	7055.32
0.169778	7048.05
0.169779	7056.26
0.169779	7056.46
0.16978	7047.72
0.169783	7059.83
0.169783	7058.75
0.171452	6873.86
0.171822	7021.2
0.171824	7019.54
0.171827	7033.22
0.171827	7026.89
0.171828	7033.26
0.17183	7016.6
0.171831	7018.3
0.171831	7030
0.171831	7018.96
0.171831	7032.42
0.171832	7027.6
0.171832	7033.57
0.171832	7022.38
0.171832	7029
0.171833	7017.44
0.171833	7017.23
0.171833	7029.27
0.171834	7028.93
0.171834	7016.39
0.171834	7031.95
0.171835	7018.47
0.171835	7019.48
0.171835	7030.26
0.171835	7018.4
0.171836	7017.03
0.171836	7021.15
0.171836	7026.16
0.171836	7031.55
0.171836	7018.19
0.171836	7021.01
0.171836	7032.4
0.171837	7023.02
0.171837	7024.41
0.171837	7027.91
0.171838	7023.97
0.171838	7022.98
0.171838	7033.03
0.171838	7030.58
0.171839	7030.3
0.171839	7015.25
0.171839	7025.83
0.171839	7018.6
0.171839	7026.39
0.171839	7026.51
0.171839	7028.3
0.171839	7032.27
0.171841	7031.23
0.171841	7033.84
0.171841	7020.84
0.171841	7017.11
0.171842	7034.49
0.171842	7033.71
0.171842	7033.35
0.171842	7018.15
0.171843	7034.04
0.171843	7022.92
0.171844	7023.22
0.171844	7024.26
0.171844	7027.22
0.171845	7025.75
0.171845	7027.25
0.171845	7031.59
0.171846	7025.15
0.171846	7020.47
0.171846	7033.79
0.171847	7030.38
0.171847	7025.61
0.171847	7021.64
0.171847	7029.83
0.171848	7016.58
0.171848	7016.84
0.171848	7031.94
0.171848	7023.84
0.171849	7026.52
0.17185	7025.81
0.17185	7028.5
0.17185	7019.87
0.171851	7020.79
0.171851	7016.55
0.171852	7023.1
0.171852	7019.11
0.171852	7024.36
0.171852	7027.85
0.171852	7020.11
0.171852	7032.96
0.171853	7029.42
0.171853	7027.85
0.171853	7025.83
0.171853	7016.47
0.171854	7031.99
0.171854	7026.29
0.171855	7031.94
0.171855	7025.34
0.171855	7027.43
0.171856	7021.7
0.171857	7023.24
0.171857	7017.44
0.171858	7029.85
0.171858	7021.45
0.171859	7029.33
0.171859	7023.13
0.171862	7016.08
0.173581	6843.67
0.17393	7002.06
0.173933	6998.26
0.173933	7000.13
0.173935	7010.16
0.173938	6996.07
0.173938	7011.53
0.173939	7003.53
0.17394	7004.56
0.17394	7003.04
0.17394	6999.88
0.17394	7011.98
0.17394	7002.8
0.17394	7009.95
0.173941	7008.63
0.173941	7002.83
0.173943	6999.76
0.173943	7008.93
0.173944	7005.06
0.173944	6998.11
0.173944	6999.65
0.173944	7010.65
0.173945	7011.34
0.173945	6997.15
0.173945	7006.39
0.173946	7010.02
0.173946	7004.65
0.173946	6997.22
0.173946	7003.35
0.173947	6994.8
0.173947	7007.89
0.173947	7013.61
0.173947	7009.1
0.173948	6996.18
0.173948	6998.22
0.173948	7006.66
0.173949	7012.29
0.173949	7014.55
0.173949	6996.87
0.173949	7012.21
0.173949	7015.38
0.173949	7006.96
0.173949	6998.91
0.17395	7009.2
0.17395	7014.07
0.17395	7011.25
0.17395	7009.62
0.17395	6999.99
0.17395	7001.83
0.17395	7012.74
0.17395	7005.79
0.173951	7008.95
0.173951	7005.72
0.173952	7004.25
0.173952	7008.27
0.173952	7001.42
0.173952	7007.72
0.173953	7005.6
0.173953	6998.17
0.173953	7003.8
0.173953	6995.98
0.173953	6995.38
0.173953	7011.21
0.173954	6995.64
0.173954	7007.87
0.173954	7007.55
0.173954	7006.9
0.173954	6995.14
0.173955	7008.64
0.173955	7000.98
0.173955	7011.73
0.173955	6998.26
0.173955	7013.48
0.173955	7001.95
0.173955	6997.3
0.173956	6997.89
0.173956	7012.6
0.173956	6999.28
0.173956	7010.51
0.173956	7001.73
0.173957	6999.3
0.173957	7008.86
0.173957	7014.74
0.173957	7005.66
0.173957	6999.46
0.173958	7002.28
0.173958	7001.08
0.173958	7011.79
0.173958	7002.73
0.173959	7015.74
0.173959	7014.82
0.17396	7004.32
0.173961	6996.89
0.173961	7005.67
0.173961	7000.62
0.173962	7003
0.173963	6996.22
0.173964	7006.93
0.173964	7014.06
0.173965	6997.34
0.173965	7014.73
0.173968	7007.29
0.17397	7014.48
0.17398	7015.61
0.174932	6848.52
0.176063	7003.51
0.176063	7007.03
0.176066	6994.85
0.176066	6997.23
0.176067	7003.94
0.176068	6993.89
0.176069	6991.9
0.176071	7001.7
0.176071	7002.17
0.176072	6997.84
0.176072	6989.95
0.176072	6993.33
0.176072	6992.73
0.176073	6991.65
0.176073	7004.22
0.176073	7005.91
0.176075	7000.73
0.176075	6996.45
0.176076	7004.96
0.176076	7005.12
0.176076	7008.42
0.176076	7002.12
0.176077	7006.05
0.176077	6991.29
0.176078	7007.42
0.176079	7003.09
0.176079	6990.65
0.176079	6998.42
0.17608	7004.72
0.17608	6990.94
0.17608	6999.47
0.17608	6993.17
0.17608	7005.63
0.17608	6993.93
0.176081	6997.67
0.176081	6995.86
0.176081	7003.44
0.176081	7000.15
0.176081	7001.29
0.176082	6990.67
0.176082	6988.8
0.176083	7002.55
0.176084	6989.03
0.176084	7005.65
0.176084	7000.78
0.176084	6988.51
0.176084	6988
0.176084	7007.48
0.176084	7004.38
0.176085	7000.4
0.176085	6991.29
0.176085	6999.01
0.176086	6997.56
0.176086	7008.36
0.176086	6999.74
0.176086	6995.71
0.176087	6996.16
0.176087	6998.17
0.176087	7003.37
0.176087	6995.15
0.176087	7007.52
0.176087	6991.97
0.176088	6996.65
0.176089	6996.75
0.176089	7001.64
0.176089	6997.89
0.176089	7002.62
0.176089	6991.6
0.17609	6992.65
0.17609	6994.54
0.17609	7003.49
0.17609	6992.65
0.17609	6993.54
0.17609	6990.23
0.17609	6989.4
0.176092	7007.5
0.176093	6989.63
0.176093	7002.09
0.176093	6994.69
0.176093	7001.02
0.176093	6989.04
0.176094	6993.42
0.176094	6988.85
0.176094	6988.6
0.176094	6989.93
0.176094	7002.52
0.176095	7004.31
0.176095	6993.83
0.176096	7002.18
0.176096	6997.25
0.176097	7007.31
0.176097	7006.89
0.176098	7009.12
0.176099	6996.63
0.176099	6993.85
0.1761	6999.36
0.176101	7007.3
0.176102	6999.91
0.176102	7009.58
0.176103	7000.64
0.176103	6990.92
0.176103	6996.3
0.176104	6995.74
0.176104	7006.86
0.176107	7009.33
0.177955	6857.99
0.17822	7006.09
0.178222	7005.52
0.178222	7009.02
0.178223	6996.02
0.178224	6998.91
0.178227	7006.82
0.178227	6996.62
0.178228	7008.69
0.178229	7006.72
0.178229	6997.81
0.178229	7002.68
0.178231	7002.28
0.178231	6995.3
0.178232	6999.72
0.178232	7015.75
0.178232	7012.97
0.178233	7000.83
0.178233	7009.41
0.178233	6996.83
0.178234	7007.61
0.178234	6998.81
0.178234	7009.39
0.178234	7014.42
0.178234	7011.8
0.178234	7003.26
0.178234	7015.16
0.178234	7000.79
0.178235	7008.74
0.178235	6998.52
0.178235	7004.97
0.178235	6997.41
0.178236	7010.5
0.178236	7003.85
0.178236	7005.21
0.178236	6999.54
0.178237	7009.57
0.178237	7004.28
0.178237	7015.89
0.178237	7016
0.178237	7001.46
0.178237	7013.75
0.178238	7007.38
0.178238	7003.72
0.178238	7005.89
0.178239	7001.55
0.178239	7015.13
0.178239	7005.64
0.178239	7011.1
0.178239	7013.2
0.178239	7001.83
0.178239	7014.98
0.17824	7007.9
0.17824	6998.63
0.17824	7004.42
0.17824	7005.9
0.17824	6999.87
0.17824	7006.4
0.178241	7001.45
0.178241	7003.44
0.178242	7008.84
0.178242	7005.08
0.178242	7012.17
0.178243	7014.69
0.178243	7016.64
0.178243	6996.98
0.178243	6998.39
0.178243	7014.85
0.178243	7013.34
0.178244	7001.27
0.178244	6998.14
0.178244	7007.91
0.178244	6999.76
0.178244	7011.36
0.178244	6997.03
0.178245	7002.61
0.178245	7015.45
0.178245	6998.67
0.178246	7016.07
0.178246	7004.64
0.178246	7000.93
0.178246	7012.27
0.178246	7010.77
0.178247	7010.4
0.178247	7014.12
0.178248	7013.16
0.178248	7003.64
0.178248	7000.12
0.178248	7007.94
0.178248	7004.31
0.178249	7003.51
0.178249	7002.34
0.178251	7006.53
0.178252	7010.93
0.178252	7013.56
0.178253	7013.71
0.178253	7009.34
0.178254	7016.96
0.178256	7009.67
0.178257	7013.11
0.178258	7011.3
0.17826	7011.95
0.17826	6999.7
0.178261	7012.54
0.178262	7007.68
0.178267	6997.3
0.179188	6895.53
0.180385	7042.33
0.18039	7035.25
0.180392	7033.95
0.180392	7029.67
0.180393	7040.33
0.180394	7042.56
0.180394	7033.83
0.180395	7028.11
0.180395	7033.68
0.180395	7032.94
0.180395	7028.88
0.180396	7031.05
0.180397	7042.42
0.180398	7025.5
0.180398	7031.32
0.180398	7030.14
0.180399	7035.72
0.180401	7037.57
0.180401	7041.94
0.180402	7041.78
0.180402	7044.23
0.180403	7029.56
0.180403	7026.52
0.180403	7034.14
0.180404	7040.59
0.180404	7041.95
0.180404	7029.44
0.180404	7026.58
0.180404	7030.52
0.180404	7031.75
0.180404	7039.26
0.180405	7028.1
0.180405	7027.78
0.180405	7032.23
0.180405	7041.74
0.180405	7035.33
0.180405	7040.37
0.180405	7042.79
0.180406	7030.24
0.180407	7042.55
0.180407	7027.71
0.180407	7038.05
0.180408	7042.23
0.180408	7025.97
0.180408	7028.33
0.180409	7037.14
0.180409	7034.86
0.180409	7038.32
0.180409	7034.22
0.180409	7038.8
0.180409	7041.17
0.180409	7033.4
0.18041	7040.41
0.18041	7039.93
0.180411	7036.94
0.180411	7034.24
0.180411	7026.95
0.180411	7033.28
0.180411	7030.28
0.180411	7034.4
0.180412	7035.3
0.180412	7029.92
0.180413	7029.35
0.180413	7034.53
0.180413	7027.34
0.180414	7028.24
0.180414	7030.65
0.180414	7044.85
0.180414	7042.57
0.180414	7028.46
0.180414	7035.84
0.180415	7034.79
0.180415	7031.28
0.180415	7044.1
0.180415	7029.89
0.180415	7036.55
0.180415	7037.96
0.180415	7044.69
0.180415	7043.63
0.180415	7038.36
0.180416	7033.02
0.180417	7028.6
0.180417	7038.27
0.180418	7027.1
0.180418	7033.98
0.180418	7039.64
0.180418	7043.67
0.180418	7036.75
0.180418	7040.1
0.180418	7041.67
0.180419	7044.7
0.180419	7033.24
0.18042	7036.79
0.18042	7039.92
0.18042	7030.12
0.180422	7027.77
0.180422	7044.98
0.180422	7041.01
0.180423	7032.31
0.180424	7039.32
0.180424	7039.35
0.180424	7032.16
0.180425	7041.05
0.180425	7033.56
0.180426	7041.01
0.180429	7037.85
0.181619	6948.81
0.182555	7044.69
0.182559	7043.32
0.18256	7046.62
0.18256	7044.78
0.182562	7043.93
0.182564	7046.54
0.182565	7042.4
0.182566	7043.7
0.182566	7056.55
0.182566	7054.44
0.182569	7048.27
0.182569	7052.38
0.182569	7045.88
0.18257	7041.87
0.18257	7043.37
0.18257	7056.65
0.182571	7052.09
0.182572	7052.97
0.182572	7056.99
0.182573	7051.34
0.182573	7054.96
0.182573	7050.58
0.182573	7057.23
0.182574	7049.75
0.182574	7048.45
0.182574	7050.88
0.182574	7046.14
0.182574	7046.81
0.182574	7056.76
0.182575	7051.52
0.182575	7057.83
0.182575	7053.05
0.182576	7047.41
0.182576	7046.47
0.182577	7044.23
0.182577	7049.13
0.182577	7050.29
0.182577	7049.08
0.182578	7055.01
0.182578	7052.89
0.182578	7059.44
0.182578	7046.62
0.182578	7046
0.182578	7042.97
0.182578	7048.63
0.182578	7050.25
0.182579	7049.98
0.182579	7047.94
0.18258	7054.12
0.18258	7055.71
0.182581	7048.45
0.182581	7054.36
0.182581	7042.4
0.182581	7055.69
0.182582	7053.96
0.182582	7047.8
0.182582	7044.87
0.182582	7053.52
0.182582	7054.45
0.182582	7049.6
0.182582	7054.4
0.182583	7051.73
0.182583	7055.39
0.182584	7046.9
0.182584	7046.89
0.182584	7045.88
0.182585	7042.17
0.182585	7056.18
0.182585	7045.02
0.182585	7052.47
0.182585	7057.56
0.182585	7042.55
0.182585	7052.05
0.182586	7051.11
0.182586	7049.01
0.182586	7049.73
0.182587	7051.75
0.182587	7056.3
0.182588	7055.67
0.182588	7052.21
0.182589	7045.56
0.182589	7049.88
0.182589	7044.1
0.182589	7054.12
0.182589	7055.99
0.18259	7054.42
0.18259	7050.38
0.182591	7045.48
0.182591	7054.71
0.182592	7050.87
0.182593	7056.85
0.182593	7046.19
0.182593	7048.38
0.182593	7052.86
0.182593	7052.93
0.182593	7045.22
0.182594	7049.39
0.182594	7056.77
0.182594	7044.72
0.182594	7048.76
0.182595	7042.74
0.182596	7043.59
0.182599	7044.95
0.182601	7054.21
0.182601	7058.2
0.182607	7058
0.184382	6916
0.184716	6936.88
0.184722	6937.09
0.184723	6934.83
0.184725	6935.99
0.184726	6939.4
0.184726	6942.23
0.184727	6939.57
0.184729	6935.97
0.18473	6944.35
0.18473	6934.85
0.18473	6936.12
0.184731	6938.44
0.184731	6934.48
0.184732	6943.56
0.184733	6935.63
0.184733	6939.06
0.184733	6939.71
0.184733	6939.21
0.184733	6938.07
0.184734	6941.53
0.184734	6940.49
0.184734	6941.66
0.184734	6941.28
0.184735	6941.44
0.184735	6942.75
0.184735	6935.98
0.184735	6938.32
0.184735	6941.04
0.184735	6943.78
0.184736	6941.65
0.184736	6944.45
0.184737	6934.75
0.184737	6938.87
0.184737	6936.51
0.184737	6934.35
0.184737	6937.05
0.184737	6942.2
0.184738	6944.31
0.184738	6939.55
0.184738	6943.03
0.184739	6940.55
0.184739	6945.29
0.184739	6939.95
0.184739	6943.87
0.184739	6935.99
0.184739	6942.87
0.184739	6943.76
0.18474	6939.28
0.18474	6935.8
0.184741	6934.87
0.184741	6942.12
0.184741	6940.79
0.184741	6940.4
0.184741	6938.68
0.184741	6936.79
0.184742	6943.09
0.184742	6943.65
0.184742	6936.64
0.184742	6944.6
0.184742	6937.67
0.184742	6942.79
0.184742	6944.69
0.184742	6945.23
0.184742	6945.65
0.184742	6945.29
0.184743	6937.83
0.184743	6935.23
0.184743	6945.86
0.184743	6943.87
0.184744	6938.9
0.184744	6939.35
0.184744	6941.11
0.184744	6935.87
0.184744	6945.31
0.184745	6936.06
0.184745	6942.83
0.184745	6941.41
0.184746	6944.14
0.184746	6942.66
0.184746	6938.9
0.184746	6938.92
0.184747	6945.54
0.184747	6944.97
0.184747	6938.26
0.184747	6944.89
0.184748	6941.14
0.184748	6938.75
0.184748	6939.44
0.184748	6938.47
0.184749	6937.63
0.18475	6937.1
0.18475	6934.95
0.184751	6941.12
0.184753	6937.5
0.184753	6942.47
0.184754	6944.21
0.184754	6939.97
0.184755	6942.96
0.184755	6936.94
0.184755	6945.68
0.184756	6938.24
0.184757	6940.66
0.184759	6945.42
0.184774	6935.78
0.184959	6908.63
0.186846	6685.61
0.186849	6686.52
0.18685	6681.17
0.186853	6682.75
0.186856	6685.97
0.186856	6685.57
0.186856	6681.61
0.186857	6683.27
0.186858	6680.75
0.186859	6683.53
0.186859	6687.29
0.186861	6682.58
0.186861	6686.53
0.186861	6685.32
0.186861	6685.13
0.186862	6685.65
0.186862	6685.39
0.186862	6681.2
0.186862	6684.39
0.186863	6685.79
0.186863	6681.51
0.186864	6681.9
0.186865	6686.78
0.186865	6681.97
0.186865	6685.17
0.186865	6688.03
0.186866	6687.06
0.186867	6684.25
0.186867	6688.25
0.186867	6682.24
0.186867	6682.6
0.186867	6687.37
0.186867	6682.02
0.186867	6683.28
0.186868	6684.63
0.186868	6683.73
0.186869	6686.99
0.186869	6684.05
0.186869	6686.1
0.186869	6687.31
0.18687	6683.86
0.18687	6683.05
0.18687	6686.28
0.186871	6684.81
0.186871	6686.58
0.186871	6684.59
0.186871	6685.29
0.186871	6682.72
0.186871	6685
0.186871	6681.68
0.186871	6687.89
0.186872	6681.54
0.186872	6684.14
0.186872	6682.62
0.186873	6687.17
0.186873	6688.5
0.186873	6682.57
0.186873	6685.06
0.186873	6688.4
0.186873	6687.45
0.186874	6682.57
0.186874	6685.29
0.186874	6686.38
0.186874	6687.47
0.186874	6687.97
0.186875	6682.34
0.186875	6685.74
0.186876	6685.12
0.186876	6682.69
0.186876	6685.3
0.186876	6677.87
0.186877	6686.63
0.186877	6683.54
0.186877	6687.38
0.186877	6683.24
0.186879	6687.26
0.186879	6688.17
0.186879	6685.41
0.18688	6683.24
0.18688	6685.11
0.186882	6685.16
0.186882	6687.68
0.186882	6686.94
0.186884	6682.49
0.186885	6682.36
0.186885	6684.03
0.186885	6683.88
0.186886	6684.66
0.186886	6683.64
0.186886	6683.73
0.186886	6686.49
0.186886	6688.79
0.186886	6681.76
0.186886	6686.21
0.186886	6683.59
0.186887	6682.56
0.186887	6683.76
0.186888	6685.62
0.186889	6683.12
0.186889	6684.8
0.186892	6684.11
0.186895	6687.89
0.186898	6685.97
0.187559	6980.65
0.188912	7666.81
0.188919	7666.41
0.188925	7666.73
0.188925	7666.4
0.188929	7666.92
0.18893	7666.92
0.188932	7667.49
0.188934	7667.7
0.188934	7667.19
0.188935	7667.15
0.188935	7667.12
0.188935	7666.95
0.188936	7667.68
0.188938	7667.46
0.188938	7668.23
0.188938	7667.21
0.188938	7668.06
0.188938	7667.62
0.188938	7668.31
0.188939	7667.6
0.188939	7667.33
0.188939	7667.88
0.188939	7667.7
0.18894	7667.96
0.18894	7667.58
0.18894	7667.96
0.188941	7668.47
0.188941	7667.58
0.188943	7667.72
0.188943	7667.2
0.188943	7667.21
0.188943	7667.3
0.188943	7667.84
0.188943	7667.48
0.188944	7667.34
0.188944	7667.77
0.188945	7667.26
0.188945	7667.56
0.188946	7667.92
0.188946	7667.92
0.188947	7667.41
0.188947	7667.54
0.188947	7667.78
0.188949	7668.54
0.18895	7667.6
0.18895	7667.23
0.18895	7667.37
0.18895	7667.39
0.18895	7667.7
0.188951	7666.82
0.188951	7667.81
0.188951	7668.07
0.188952	7668.06
0.188952	7667.12
0.188952	7669.18
0.188953	7667.35
0.188953	7668.62
0.188953	7668.4
0.188954	7667.89
0.188954	7668.38
0.188954	7667.7
0.188954	7667.66
0.188955	7669.05
0.188955	7667.76
0.188955	7668.14
0.188955	7668.8
0.188956	7668.89
0.188956	7667.72
0.188956	7667.75
0.188956	7668.25
0.188956	7667.67
0.188957	7668.54
0.188958	7668.38
0.188958	7668.7
0.188958	7668.45
0.188959	7667.88
0.188959	7668.1
0.188959	7668.01
0.188959	7668.19
0.188959	7667.24
0.18896	7669.32
0.18896	7667.76
0.18896	7668.44
0.18896	7667.95
0.188961	7667.83
0.188961	7668.63
0.188962	7668.03
0.188962	7668.62
0.188962	7668.28
0.188962	7668.34
0.188963	7669.07
0.188963	7668.01
0.188965	7667.21
0.188967	7667.93
0.188968	7669.32
0.188969	7669.01
0.18897	7669.14
0.188977	7668.48
0.188978	7668.98
0.188979	7669.39
0.190363	8917.48
0.190925	9394.61
0.190929	9396.52
0.190931	9402.31
0.190931	9394.96
0.190932	9399.38
0.190932	9396.06
0.190934	9396.91
0.190935	9396.01
0.190936	9393.43
0.190936	9398.34
0.190936	9397.77
0.190937	9401.72
0.190938	9398.11
0.190939	9396.71
0.19094	9399.59
0.190941	9401.3
0.190942	9399.51
0.190942	9397.72
0.190943	9398.31
0.190943	9398.01
0.190943	9401.86
0.190943	9394.9
0.190944	9399.25
0.190944	9395.05
0.190944	9401.03
0.190945	9399.46
0.190945	9398.17
0.190945	9398.34
0.190945	9398.77
0.190945	9399.75
0.190946	9394.42
0.190946	9401.78
0.190946	9395.03
0.190946	9401.6
0.190947	9394.66
0.190947	9400.66
0.190948	9395.43
0.190948	9398.51
0.190948	9396.4
0.190948	9403.4
0.190948	9399.9
0.190948	9394.18
0.190948	9395.54
0.190948	9400.9
0.190949	9402.12
0.190949	9400.06
0.190949	9394.87
0.190949	9400.56
0.19095	9394.16
0.19095	9402.22
0.19095	9398.92
0.190951	9397.45
0.190951	9397.36
0.190951	9394.38
0.190951	9401.57
0.190951	9401.84
0.190952	9395.09
0.190952	9396.46
0.190952	9397.33
0.190952	9401.11
0.190952	9394.46
0.190952	9402.55
0.190953	9398.36
0.190953	9395.01
0.190954	9397.44
0.190955	9396.15
0.190956	9401.94
0.190956	9400.48
0.190956	9400.18
0.190956	9396.95
0.190956	9399.71
0.190957	9396.1
0.190957	9394.96
0.190957	9396.88
0.190958	9395.07
0.190959	9402.91
0.190959	9402.39
0.19096	9400.49
0.190961	9402.82
0.190961	9395.58
0.190962	9399.52
0.190962	9400.22
0.190962	9402.23
0.190963	9400.77
0.190963	9397.03
0.190964	9398.54
0.190966	9400.1
0.190966	9397.45
0.190966	9395.66
0.190968	9401.09
0.190969	9397.95
0.190969	9398.76
0.19097	9394.78
0.190971	9401.56
0.190978	9395.32
0.191965	9896.84
0.192821	10162.2
0.192822	10164.7
0.192825	10161
0.192827	10155.3
0.192831	10158
0.192831	10165.9
0.192832	10164.4
0.192832	10153.6
0.192832	10155.1
0.192832	10163.8
0.192833	10161.3
0.192833	10154.3
0.192834	10159.4
0.192835	10158.1
0.192835	10165.4
0.192836	10156.3
0.192837	10154.2
0.192838	10160.7
0.192838	10159.1
0.192838	10156.2
0.192838	10159.3
0.192839	10161.6
0.192839	10164.9
0.19284	10162.6
0.19284	10166.1
0.19284	10161
0.19284	10157.4
0.192842	10156.6
0.192842	10160.6
0.192842	10159.2
0.192842	10164.1
0.192843	10158.6
0.192843	10159.2
0.192843	10155.1
0.192843	10161.5
0.192844	10163.5
0.192844	10161.2
0.192844	10165.1
0.192844	10163
0.192844	10155.9
0.192845	10162
0.192846	10158.4
0.192846	10156.9
0.192846	10157.2
0.192846	10163.5
0.192846	10162.8
0.192846	10156.1
0.192847	10160.7
0.192847	10162.3
0.192847	10162
0.192847	10159.4
0.192847	10163
0.192847	10157.7
0.192848	10156.6
0.192848	10158.1
0.192848	10157.2
0.192849	10158.9
0.192849	10154.6
0.192849	10155.2
0.192849	10165.7
0.192849	10165.9
0.19285	10165.4
0.19285	10162
0.19285	10164.1
0.19285	10165.5
0.192851	10156.1
0.192852	10158.5
0.192852	10158.2
0.192853	10163.1
0.192854	10158.6
0.192854	10159.6
0.192854	10155.8
0.192855	10161
0.192855	10156.5
0.192855	10160.9
0.192856	10158
0.192856	10163.2
0.192856	10165
0.192856	10165.1
0.192856	10164.1
0.192857	10165.3
0.19286	10161.2
0.192862	10156.7
0.192863	10161.3
0.192863	10162.6
0.192864	10165.1
0.192866	10167.3
0.192866	10156.4
0.192869	10156.9
0.193303	10470.1
0.194588	11222
0.194591	11224.4
0.194593	11223
0.194594	11226.9
0.194595	11228.9
0.194595	11219.4
0.194595	11217.7
0.194596	11228.8
0.194597	11219.9
0.194597	11229.7
0.194597	11227.8
0.194597	11217.5
0.194598	11217.9
0.194598	11222
0.194599	11227.3
0.1946	11221
0.1946	11217.3
0.1946	11220.8
0.1946	11223.9
0.1946	11230.5
0.1946	11219.4
0.194601	11226.7
0.194602	11220.9
0.194603	11229.9
0.194603	11228
0.194603	11219
0.194604	11227.5
0.194604	11222.8
0.194605	11218.1
0.194605	11221
0.194606	11225.5
0.194606	11227.6
0.194606	11224.3
0.194606	11222.6
0.194606	11220
0.194607	11216.7
0.194607	11227.1
0.194608	11225
0.194608	11219.6
0.194608	11223.9
0.194608	11217.2
0.194608	11223.7
0.194608	11227.2
0.194608	11225.2
0.194609	11228.5
0.194609	11221.8
0.194609	11219.1
0.19461	11230.7
0.19461	11218.5
0.19461	11225.4
0.194611	11227.5
0.194611	11219.9
0.194612	11222.8
0.194612	11223.8
0.194612	11225.6
0.194613	11218.9
0.194614	11226.9
0.194614	11217.1
0.194614	11227.5
0.194614	11222.2
0.194614	11225.9
0.194615	11231.3
0.194615	11222.8
0.194615	11218
0.194616	11230.6
0.194617	11219.3
0.194617	11226.6
0.194619	11222.2
0.194619	11230.7
0.19462	11225.2
0.19462	11225.3
0.194621	11224.2
0.194621	11220.3
0.194622	11223.1
0.194623	11228.1
0.194624	11227.2
0.194624	11230.4
0.194624	11230.3
0.194624	11220.7
0.194624	11232.2
0.194629	11230.3
0.19463	11219
0.195012	11554.1
0.196187	12375.9
0.196187	12363.1
0.19619	12364.1
0.196191	12363.3
0.196192	12365.1
0.196193	12365.2
0.196195	12380.2
0.196195	12379.1
0.196196	12366.4
0.196197	12366
0.196198	12370.3
0.196198	12379.2
0.196199	12373.8
0.196199	12364.4
0.196199	12367
0.1962	12366.8
0.1962	12372.4
0.196201	12378.7
0.196201	12375.2
0.196201	12374.8
0.196201	12377.1
0.196203	12362.7
0.196203	12373
0.196203	12366.8
0.196204	12377.2
0.196204	12374.9
0.196204	12378.8
0.196205	12368.7
0.196206	12370.3
0.196206	12364.4
0.196206	12371.3
0.196207	12375.9
0.196207	12372.2
0.196207	12373
0.196208	12364.4
0.196208	12371.8
0.196208	12375.8
0.196208	12376.9
0.196208	12376.6
0.196208	12365.5
0.196208	12366.8
0.196209	12380.2
0.19621	12373.6
0.19621	12369.1
0.196211	12375.1
0.196212	12374.6
0.196212	12372.4
0.196213	12372.5
0.196213	12365.7
0.196213	12373.1
0.196214	12378.1
0.196214	12370
0.196214	12370.8
0.196215	12379.1
0.196215	12368.5
0.196215	12370
0.196215	12370.9
0.196216	12378.2
0.196216	12374.4
0.196216	12370.1
0.196217	12371.9
0.196217	12379
0.19622	12380.7
0.19622	12376.1
0.19622	12369.4
0.196221	12373
0.196222	12369.7
0.196222	12378.7
0.196223	12374
0.196224	12370.9
0.196225	12379.5
0.196225	12380.2
0.196225	12371.3
0.196226	12368.7
0.197269	12729.5
0.197596	12753.5
0.197608	12758.6
0.19761	12755.6
0.197612	12757.7
0.197613	12760.2
0.197614	12748.6
0.197615	12751.9
0.197615	12748.3
0.197615	12755.3
0.197616	12749.5
0.197617	12759.7
0.197617	12754.4
0.197618	12764.1
0.197618	12760.4
0.197619	12762.4
0.19762	12751.3
0.19762	12752.3
0.197622	12762
0.197622	12763.2
0.197622	12758.3
0.197622	12756.2
0.197622	12751.6
0.197623	12757.7
0.197624	12754.7
0.197624	12761.3
0.197624	12757
0.197625	12761.9
0.197625	12754.7
0.197625	12754.2
0.197625	12751.1
0.197626	12759.7
0.197626	12753.6
0.197626	12750.7
0.197627	12750.5
0.197627	12754
0.197627	12761.9
0.197628	12754.5
0.197628	12765.5
0.197629	12758.7
0.197629	12764.2
0.197629	12759.7
0.197631	12762.1
0.197631	12762.5
0.197632	12753.2
0.197632	12757.1
0.197632	12765.1
0.197633	12765.9
0.197633	12756.6
0.197634	12759.8
0.197634	12758.8
0.197634	12760.9
0.197634	12765.8
0.197637	12758.1
0.197638	12753
0.197639	12750.7
0.197639	12751.2
0.19764	12752.3
0.19764	12764.1
0.197643	12765.9
0.197643	12764.8
0.197644	12767.2
0.197644	12766.2
0.197648	12754.8
0.197654	12761.8
0.198581	12735
0.198819	12659.7
0.198824	12646
0.198828	12649.9
0.198828	12648
0.198828	12658.9
0.198831	12659.9
0.198832	12655.1
0.198834	12661.7
0.198836	12654.5
0.198837	12648.3
0.198839	12650
0.19884	12657.7
0.198841	12651.5
0.198841	12660.4
0.198842	12655.9
0.198842	12659.6
0.198842	12654
0.198843	12656.5
0.198843	12653.1
0.198843	12649.4
0.198844	12656.6
0.198844	12658.2
0.198845	12655
0.198846	12655
0.198846	12650.8
0.198846	12652.3
0.198847	12653.6
0.198848	12651.1
0.198848	12651.9
0.198849	12649.9
0.198849	12660.6
0.198849	12650.7
0.19885	12658.3
0.198852	12654.1
0.198852	12652.9
0.198852	12661.8
0.198852	12658.2
0.198853	12662.6
0.198853	12659.4
0.198853	12660.2
0.198853	12649
0.198853	12654.1
0.198854	12648.9
0.198855	12651.8
0.198855	12658.6
0.198855	12656.6
0.198856	12656.5
0.198859	12661.8
0.198859	12652.8
0.19886	12655.5
0.198862	12650.7
0.198862	12660.5
0.198864	12663.8
0.198867	12659.2
0.199752	12589.3
0.199829	12540.5
0.199831	12550.1
0.199832	12543.6
0.199835	12549.5
0.199838	12547.8
0.199841	12546.8
0.199845	12544.3
0.199846	12550.5
0.199848	12550.4
0.199848	12546.6
0.199848	12549.8
0.19985	12545.6
0.19985	12542.1
0.19985	12546.9
0.19985	12549.5
0.199851	12544.7
0.199851	12540.7
0.199852	12544.7
0.199852	12548.8
0.199853	12552.7
0.199853	12552.2
0.199853	12548.3
0.199855	12544.2
0.199855	12543.1
0.199856	12545.6
0.199856	12542.5
0.199856	12547
0.199856	12550
0.199858	12550.2
0.199861	12546.4
0.199861	12544.9
0.199861	12543
0.199861	12549.2
0.199865	12546.8
0.199866	12548.5
0.199866	12547.6
0.199867	12551.1
0.199867	12544.2
0.199869	12550.3
0.19987	12543.5
0.199875	12552.8
0.199882	12553.9
0.199887	12544.6
0.200019	12661.1
0.200644	13078.9
0.200649	13075.3
0.200653	13075.8
0.200654	13082.5
0.200655	13082.3
0.200656	13077
0.200656	13078.9
0.200658	13080.5
0.200659	13078.8
0.20066	13075
0.20066	13075.5
0.200661	13083.7
0.200662	13080.3
0.200664	13076.4
0.200666	13078.6
0.200667	13075
0.200667	13076
0.200667	13079
0.200668	13084.6
0.200668	13080
0.200669	13077.5
0.200669	13081.7
0.20067	13080.9
0.200671	13079.9
0.200671	13075.4
0.200673	13083.2
0.200674	13077.2
0.200674	13083.2
0.200674	13084.2
0.200677	13082.7
0.20068	13078.8
0.20068	13082.6
0.200687	13084.4
0.200693	13080.9
0.200868	13259.4
0.201264	13657
0.201264	13662.1
0.201267	13661.5
0.201268	13661.2
0.201269	13659
0.201273	13661.2
0.201275	13659.2
0.201277	13662.5
0.201279	13657.5
0.201279	13660.9
0.201281	13663.3
0.201282	13661.1
0.201284	13661.2
0.201285	13659
0.201287	13660.5
0.201288	13657.8
0.20129	13657.4
0.201291	13663.7
0.201292	13658.8
0.201293	13660.5
0.201301	13660.7
0.201307	13667.2
0.201308	13660.3
0.201312	13664.7
0.201319	13665.3
0.201416	14050.4
0.201723	15009.3
0.201723	15008.5
0.201725	15011.9
0.20173	15012.7
0.201732	15010.6
0.201734	15011.2
0.201735	15012.3
0.201738	15009.1
0.201738	15010.2
0.201739	15011.2
0.201739	15009.4
0.201742	15010.3
0.201744	15010.6
0.201746	15011.3
0.201746	15011.3
0.201748	15010.2
0.201752	15011.2
0.201755	15014.2
0.202023	20062.7
0.202024	20855.6
0.202027	20856.3
0.202042	20854.9
0.20205	20857.5
0.202051	20857.2
0.202051	20857
0.202055	20860.8
0.202059	20859.1
0.202069	20859.7
0.202075	20861
0.202076	20861.8
0.202168	26829.7
0.202232	31858.3
0.202247	31859.7
0.202247	31859
0.202251	31861
0.202253	31859.7
0.202256	31860.8
0.202269	31864.1
0.202346	41354.3
0.202369	43596.1
0.202373	43596.9
0.202405	43603.4
0.202425	46167
0.202427	52731
0.202456	52737.6
0.202484	59751.4
0.202499	57107.9
0.202536	63481.6
0.202562	66594.7
0.202563	70226.7
0.202587	75414
0.202591	80500.3
0.202617	78952.1
0.202652	93835.6
0.202676	93846.4
0.202683	98270.6
0.202717	115841
0.202722	115845
0.202731	126179
0.202766	178479
0.202782	150700
0.202798	150713
0.20283	221456
0.202843	221470
0.202869	300684
0.202875	383458
0.202905	719174
0.202914	383526
0.202954	978292
0.202979	2.18396e+06
0.202983	1.30463e+07
)
