(title "Circumferential Averages")
(labels "Radius" "Radial Velocity")

((xy/key/label "")
0.142018	0.000183008
0.14203	0.00507899
0.142063	0.03742
0.142074	0.0304981
0.142078	0.0435518
0.142142	0.134793
0.142152	0.134802
0.142153	0.134803
0.142161	0.13481
0.1422	0.163989
0.142264	0.209697
0.142265	0.209698
0.142268	0.209704
0.142268	0.209707
0.142272	0.2097
0.142276	0.209716
0.142283	0.209722
0.142444	0.360648
0.142455	0.379549
0.142457	0.379547
0.142458	0.379545
0.14246	0.379549
0.142463	0.379563
0.142466	0.37958
0.142467	0.379582
0.142467	0.379575
0.142468	0.379581
0.142474	0.379601
0.142622	0.431344
0.142736	0.4717
0.142738	0.471698
0.142739	0.471686
0.14274	0.471728
0.142741	0.471771
0.142741	0.471739
0.142742	0.471734
0.142743	0.471707
0.142744	0.471703
0.142747	0.471774
0.142749	0.47178
0.14275	0.471732
0.14275	0.471789
0.142755	0.471754
0.142756	0.471745
0.142891	0.563477
0.143115	0.719843
0.143124	0.719863
0.143126	0.719933
0.143127	0.719995
0.143128	0.719949
0.143128	0.720048
0.143128	0.720012
0.143129	0.720065
0.143129	0.72
0.14313	0.720013
0.143132	0.719975
0.143132	0.720025
0.143132	0.71989
0.143133	0.720076
0.143134	0.719986
0.143135	0.719958
0.143135	0.719992
0.143135	0.719937
0.143138	0.719947
0.143138	0.720094
0.143147	0.720161
0.143309	0.75064
0.143636	0.805419
0.143639	0.805331
0.14364	0.805521
0.14364	0.805272
0.14364	0.805617
0.143643	0.805316
0.143643	0.805505
0.143643	0.805199
0.143644	0.805365
0.143644	0.80534
0.143644	0.805506
0.143645	0.805516
0.143647	0.805204
0.143648	0.805146
0.143648	0.805426
0.14365	0.805607
0.14365	0.805586
0.143651	0.805363
0.143653	0.80551
0.143654	0.805446
0.143655	0.805428
0.143655	0.80526
0.143656	0.805681
0.143658	0.805307
0.143658	0.805283
0.143659	0.805351
0.14366	0.805213
0.143665	0.805184
0.1441	0.803744
0.144288	0.800943
0.14429	0.800731
0.14429	0.800293
0.144295	0.800942
0.144295	0.800425
0.144295	0.800917
0.144295	0.800415
0.144297	0.800506
0.144297	0.800693
0.144297	0.800553
0.144297	0.799806
0.144298	0.800455
0.1443	0.8003
0.1443	0.800899
0.1443	0.800822
0.144301	0.799954
0.144301	0.800841
0.144302	0.800612
0.144302	0.800074
0.144303	0.800234
0.144303	0.799839
0.144303	0.800887
0.144305	0.800803
0.144305	0.800583
0.144305	0.800055
0.144305	0.800713
0.144306	0.800008
0.144306	0.80006
0.144307	0.800087
0.144308	0.800132
0.144308	0.800321
0.144313	0.800431
0.144313	0.800457
0.144314	0.799867
0.144322	0.801189
0.145012	0.835994
0.145094	0.835474
0.145096	0.835946
0.145098	0.835863
0.145099	0.836277
0.1451	0.835833
0.145101	0.835591
0.145102	0.835387
0.145103	0.836414
0.145103	0.836608
0.145104	0.835909
0.145104	0.836766
0.145104	0.835935
0.145105	0.837026
0.145105	0.836267
0.145105	0.837004
0.145106	0.83619
0.145106	0.836309
0.145107	0.836025
0.145108	0.83569
0.145108	0.836682
0.145109	0.836478
0.145109	0.836636
0.14511	0.835571
0.145111	0.83729
0.145111	0.837339
0.145111	0.836206
0.145111	0.836842
0.145111	0.836264
0.145111	0.837182
0.145112	0.836997
0.145112	0.835463
0.145113	0.835826
0.145113	0.836922
0.145114	0.837238
0.145115	0.836654
0.145116	0.836842
0.145117	0.836615
0.145117	0.837052
0.145117	0.835706
0.145117	0.835419
0.145118	0.837094
0.145118	0.835923
0.1457	0.831948
0.146037	0.817479
0.146046	0.81744
0.146046	0.818317
0.14605	0.818039
0.14605	0.817265
0.146054	0.819517
0.146054	0.819639
0.146054	0.818397
0.146054	0.819583
0.146055	0.817717
0.146056	0.818225
0.146056	0.818133
0.146056	0.819387
0.146056	0.817753
0.146057	0.817463
0.146057	0.817951
0.146057	0.817255
0.146057	0.818357
0.146058	0.819399
0.146059	0.819305
0.146059	0.818874
0.14606	0.819236
0.14606	0.81904
0.14606	0.817547
0.14606	0.817354
0.14606	0.818666
0.14606	0.818078
0.146061	0.819788
0.146061	0.819946
0.146061	0.818148
0.146062	0.817635
0.146062	0.818869
0.146063	0.818451
0.146063	0.818638
0.146063	0.818211
0.146063	0.818766
0.146063	0.819065
0.146063	0.819626
0.146064	0.81904
0.146065	0.818601
0.146065	0.819015
0.146066	0.818878
0.146067	0.812718
0.146069	0.820015
0.146069	0.817974
0.14607	0.817354
0.146072	0.819641
0.146072	0.818706
0.146072	0.819797
0.146076	0.819648
0.147145	0.897038
0.147152	0.898578
0.147153	0.89647
0.147153	0.896462
0.147154	0.896637
0.147155	0.896772
0.147155	0.897767
0.147155	0.897578
0.147155	0.898945
0.147156	0.896447
0.147156	0.896761
0.147157	0.897006
0.147157	0.89875
0.147157	0.897383
0.147157	0.89872
0.147158	0.898168
0.147159	0.8968
0.14716	0.898311
0.14716	0.896545
0.147161	0.89712
0.147162	0.898491
0.147162	0.897302
0.147162	0.89836
0.147162	0.897979
0.147163	0.898417
0.147163	0.898057
0.147163	0.899062
0.147163	0.898648
0.147163	0.89756
0.147164	0.914563
0.147164	0.898238
0.147164	0.897876
0.147164	0.898234
0.147165	0.897903
0.147165	0.897409
0.147165	0.896933
0.147165	0.896564
0.147165	0.897963
0.147165	0.898524
0.147166	0.897895
0.147166	0.89736
0.147166	0.897848
0.147166	0.897637
0.147166	0.896436
0.147167	0.898117
0.147167	0.896312
0.147167	0.896495
0.147167	0.896983
0.147168	0.898941
0.14717	0.897726
0.147171	0.897071
0.147171	0.896708
0.147171	0.897275
0.147171	0.898799
0.147173	0.898876
0.147175	0.89863
0.147182	0.899219
0.147525	0.88624
0.148383	0.867889
0.14839	0.867613
0.148392	0.868332
0.148392	0.868941
0.148393	0.869858
0.148394	0.867634
0.148395	0.869828
0.148396	0.869058
0.148396	0.868037
0.148397	0.867493
0.148397	0.86866
0.148397	0.870283
0.148398	0.869915
0.148398	0.868328
0.148398	0.869721
0.148399	0.867701
0.1484	0.868552
0.1484	0.870442
0.1484	0.868778
0.148401	0.870212
0.148401	0.869406
0.148401	0.870215
0.148402	0.869761
0.148402	0.867883
0.148402	0.869261
0.148402	0.868955
0.148403	0.869253
0.148404	0.86859
0.148404	0.869527
0.148404	0.869453
0.148405	0.867614
0.148405	0.868532
0.148405	0.86824
0.148405	0.870244
0.148405	0.867694
0.148405	0.869258
0.148405	0.868589
0.148406	0.868086
0.148406	0.868639
0.148406	0.870061
0.148406	0.868438
0.148407	0.870235
0.148407	0.869018
0.148407	0.869034
0.148407	0.869769
0.148407	0.867787
0.148408	0.868398
0.148408	0.869946
0.148408	0.86942
0.148408	0.869466
0.148408	0.869776
0.148408	0.867383
0.148408	0.869581
0.148408	0.868896
0.148409	0.869591
0.148409	0.86813
0.148409	0.870442
0.14841	0.870131
0.14841	0.867925
0.148411	0.870523
0.148411	0.868739
0.148412	0.868476
0.148417	0.870544
0.148436	0.86126
0.149756	0.83903
0.149758	0.839559
0.14976	0.840081
0.14976	0.841507
0.149761	0.839249
0.149761	0.840399
0.149761	0.84152
0.149762	0.841668
0.149762	0.841397
0.149762	0.840407
0.149764	0.839002
0.149764	0.840993
0.149765	0.839628
0.149765	0.839961
0.149766	0.840529
0.149766	0.840395
0.149766	0.841674
0.149766	0.8403
0.149766	0.846477
0.149767	0.840641
0.149767	0.841267
0.149767	0.839915
0.149767	0.840981
0.149768	0.8408
0.149768	0.840262
0.149768	0.840232
0.149768	0.839409
0.149769	0.839379
0.14977	0.83932
0.14977	0.839265
0.14977	0.841046
0.149771	0.839928
0.149771	0.840964
0.149771	0.84125
0.149771	0.841096
0.149771	0.839746
0.149771	0.840402
0.149771	0.839095
0.149772	0.839564
0.149773	0.840808
0.149773	0.841325
0.149773	0.841834
0.149773	0.839039
0.149773	0.841519
0.149773	0.840706
0.149773	0.839638
0.149774	0.840298
0.149774	0.840751
0.149775	0.838962
0.149776	0.839272
0.149776	0.839966
0.149776	0.838833
0.149776	0.841064
0.149776	0.841263
0.149777	0.839753
0.149777	0.84004
0.149777	0.840037
0.149777	0.839541
0.149778	0.840169
0.149778	0.839562
0.149778	0.840234
0.149778	0.841515
0.149779	0.840831
0.149779	0.839336
0.149779	0.840348
0.149781	0.841469
0.149781	0.840945
0.149784	0.838993
0.149789	0.841667
0.149793	0.841294
0.150975	0.790594
0.15123	0.792459
0.151235	0.79158
0.151237	0.793309
0.151237	0.793612
0.151238	0.790776
0.151238	0.792186
0.151238	0.792322
0.151239	0.792631
0.151239	0.79313
0.15124	0.791532
0.15124	0.791127
0.15124	0.791644
0.151242	0.793482
0.151242	0.791918
0.151242	0.791711
0.151242	0.791811
0.151243	0.792173
0.151244	0.793717
0.151244	0.791414
0.151244	0.791245
0.151245	0.791208
0.151245	0.793026
0.151245	0.792875
0.151245	0.793891
0.151246	0.791025
0.151246	0.793068
0.151246	0.79103
0.151246	0.793815
0.151247	0.792982
0.151247	0.790884
0.151247	0.790916
0.151247	0.791856
0.151247	0.79242
0.151248	0.792036
0.151248	0.793468
0.151249	0.791087
0.15125	0.792889
0.151251	0.791997
0.151251	0.79312
0.151251	0.793946
0.151252	0.793316
0.151252	0.791223
0.151252	0.792163
0.151253	0.793833
0.151253	0.790936
0.151253	0.79246
0.151254	0.793362
0.151254	0.793193
0.151254	0.790927
0.151254	0.792617
0.151254	0.791846
0.151254	0.792942
0.151255	0.793755
0.151255	0.79254
0.151256	0.791314
0.151256	0.79157
0.151256	0.793671
0.151256	0.792019
0.151257	0.793734
0.151257	0.792373
0.151257	0.792745
0.151257	0.793038
0.151257	0.791134
0.151258	0.793549
0.151258	0.793015
0.151258	0.791726
0.151258	0.792828
0.15126	0.792896
0.151261	0.793301
0.151261	0.792065
0.151262	0.792694
0.151265	0.791456
0.151266	0.792388
0.151266	0.791671
0.151809	0.763402
0.152813	0.751846
0.152817	0.752277
0.152818	0.750186
0.152819	0.75011
0.152821	0.750016
0.152821	0.751104
0.152822	0.751352
0.152823	0.749258
0.152824	0.752308
0.152824	0.751431
0.152824	0.751503
0.152824	0.751008
0.152825	0.750465
0.152825	0.74968
0.152825	0.750942
0.152825	0.749869
0.152825	0.750685
0.152826	0.751273
0.152826	0.752221
0.152826	0.750107
0.152826	0.750947
0.152827	0.749627
0.152827	0.750406
0.152828	0.749741
0.152828	0.749977
0.152828	0.749475
0.152828	0.750472
0.152828	0.751969
0.152829	0.750833
0.152829	0.752159
0.152829	0.749125
0.152829	0.749527
0.152829	0.751699
0.15283	0.749079
0.15283	0.751882
0.15283	0.74919
0.15283	0.751435
0.15283	0.750934
0.152831	0.752056
0.152832	0.751772
0.152832	0.751972
0.152833	0.749182
0.152833	0.75136
0.152833	0.752066
0.152834	0.74935
0.152834	0.751859
0.152834	0.749158
0.152834	0.750649
0.152834	0.749518
0.152834	0.751185
0.152835	0.75114
0.152835	0.752159
0.152835	0.751386
0.152835	0.750159
0.152835	0.75086
0.152836	0.750444
0.152836	0.7494
0.152836	0.749841
0.152837	0.749905
0.152837	0.751761
0.152837	0.749673
0.152838	0.751763
0.152838	0.750398
0.152838	0.75027
0.152838	0.749728
0.152839	0.751261
0.152839	0.752275
0.152839	0.749374
0.152839	0.750836
0.15284	0.750682
0.152841	0.750004
0.152841	0.750588
0.152841	0.75164
0.152842	0.750399
0.152843	0.751348
0.152847	0.751052
0.152848	0.749272
0.15285	0.752031
0.152854	0.750066
0.153459	0.705471
0.154477	0.675826
0.154477	0.675889
0.15448	0.672775
0.15448	0.67348
0.154482	0.675743
0.154482	0.675174
0.154483	0.674864
0.154484	0.674561
0.154484	0.674112
0.154485	0.676145
0.154485	0.673463
0.154485	0.674995
0.154487	0.675678
0.154487	0.673488
0.154488	0.67545
0.154489	0.673784
0.154489	0.676097
0.154489	0.673617
0.15449	0.67412
0.15449	0.676121
0.15449	0.675312
0.15449	0.675343
0.15449	0.674716
0.154491	0.674857
0.154491	0.674775
0.154491	0.676463
0.154492	0.675864
0.154493	0.674603
0.154493	0.676369
0.154493	0.676184
0.154493	0.67307
0.154493	0.676268
0.154494	0.67589
0.154494	0.675502
0.154494	0.67409
0.154495	0.673794
0.154495	0.673733
0.154495	0.674301
0.154495	0.673177
0.154496	0.673334
0.154496	0.673252
0.154497	0.674591
0.154497	0.674817
0.154497	0.673732
0.154497	0.676185
0.154497	0.675564
0.154497	0.674744
0.154498	0.673835
0.154498	0.674338
0.154498	0.674135
0.154498	0.675109
0.154498	0.675685
0.154499	0.675483
0.154499	0.675042
0.154499	0.673473
0.154499	0.674403
0.154499	0.674763
0.1545	0.676106
0.1545	0.675252
0.154501	0.674619
0.154501	0.67581
0.154501	0.676288
0.154501	0.67311
0.154501	0.673074
0.154501	0.673945
0.154501	0.674267
0.154502	0.676189
0.154502	0.676544
0.154502	0.673345
0.154503	0.67448
0.154503	0.674203
0.154503	0.675782
0.154505	0.673944
0.154505	0.674461
0.154506	0.675483
0.154506	0.673434
0.154507	0.675232
0.154507	0.675649
0.154507	0.675115
0.154507	0.674079
0.154511	0.673415
0.154516	0.673213
0.154527	0.673721
0.155433	0.680933
0.156215	0.725912
0.156217	0.725974
0.156217	0.727114
0.156219	0.726227
0.15622	0.728377
0.156223	0.726387
0.156223	0.727667
0.156223	0.72803
0.156224	0.728216
0.156224	0.727358
0.156225	0.725395
0.156225	0.725324
0.156226	0.728529
0.156226	0.728379
0.156227	0.726674
0.156227	0.728072
0.156227	0.728299
0.156227	0.728653
0.156227	0.728484
0.156227	0.725659
0.156228	0.728254
0.156229	0.725747
0.156229	0.727388
0.156229	0.725638
0.15623	0.726749
0.15623	0.726719
0.15623	0.726942
0.15623	0.727083
0.15623	0.72787
0.156231	0.72868
0.156231	0.72789
0.156231	0.726877
0.156231	0.727183
0.156232	0.726998
0.156232	0.72709
0.156232	0.726816
0.156232	0.725821
0.156233	0.726551
0.156233	0.72559
0.156234	0.728686
0.156234	0.725399
0.156234	0.726246
0.156234	0.725976
0.156235	0.726693
0.156235	0.727375
0.156235	0.727832
0.156236	0.726955
0.156236	0.725839
0.156236	0.726372
0.156236	0.728125
0.156236	0.726893
0.156237	0.727519
0.156237	0.727345
0.156237	0.727552
0.156237	0.72624
0.156237	0.728714
0.156238	0.726229
0.156238	0.725873
0.156238	0.727454
0.156238	0.727974
0.156238	0.727769
0.156239	0.728553
0.156239	0.727685
0.156239	0.727741
0.156239	0.726076
0.156239	0.726401
0.156239	0.725377
0.15624	0.726534
0.15624	0.72667
0.15624	0.726507
0.156241	0.728351
0.156241	0.728193
0.156242	0.72761
0.156242	0.727292
0.156243	0.725466
0.156243	0.726317
0.156243	0.72869
0.156244	0.727499
0.156244	0.727881
0.156244	0.725549
0.156245	0.725556
0.156247	0.725863
0.156248	0.728095
0.156248	0.726033
0.15625	0.726182
0.156252	0.727981
0.156988	0.65114
0.158006	0.592749
0.158013	0.592884
0.158021	0.595257
0.158021	0.594736
0.158022	0.593028
0.158023	0.594489
0.158023	0.592978
0.158023	0.595296
0.158024	0.595182
0.158025	0.592852
0.158025	0.594765
0.158026	0.595101
0.158026	0.59454
0.158026	0.593174
0.158026	0.595159
0.158026	0.59487
0.158027	0.594368
0.158028	0.593287
0.158028	0.59262
0.158028	0.593884
0.158028	0.594607
0.158028	0.593288
0.158029	0.593748
0.158029	0.592163
0.158029	0.594808
0.158029	0.592359
0.158029	0.594174
0.15803	0.593477
0.158031	0.593599
0.158031	0.593947
0.158031	0.593273
0.158031	0.593489
0.158031	0.59409
0.158032	0.593725
0.158032	0.593391
0.158032	0.594988
0.158032	0.593903
0.158032	0.594139
0.158032	0.594107
0.158032	0.593286
0.158032	0.593677
0.158033	0.59497
0.158033	0.592526
0.158033	0.592705
0.158033	0.594752
0.158033	0.594109
0.158034	0.594171
0.158035	0.593779
0.158035	0.592334
0.158035	0.592935
0.158035	0.592902
0.158035	0.593561
0.158035	0.593449
0.158035	0.593789
0.158036	0.592246
0.158036	0.592804
0.158036	0.593992
0.158036	0.592873
0.158036	0.595331
0.158036	0.592514
0.158036	0.59269
0.158036	0.594671
0.158037	0.592565
0.158038	0.594457
0.158038	0.59428
0.158039	0.594323
0.158039	0.594457
0.158039	0.592407
0.158039	0.595064
0.15804	0.592337
0.158041	0.595196
0.158041	0.593659
0.158041	0.592348
0.158041	0.594725
0.158041	0.593055
0.158041	0.593199
0.158042	0.595003
0.158042	0.592671
0.158042	0.594307
0.158043	0.594674
0.158043	0.593463
0.158043	0.594315
0.158043	0.59519
0.158043	0.595208
0.158045	0.593114
0.158045	0.594471
0.158045	0.595352
0.158046	0.592504
0.158048	0.593842
0.158943	0.559731
0.159865	0.56705
0.159866	0.569203
0.159872	0.568919
0.159873	0.568702
0.159873	0.569047
0.159873	0.56799
0.159874	0.567795
0.159874	0.566825
0.159874	0.569401
0.159876	0.568347
0.159877	0.568836
0.159877	0.568624
0.159877	0.567103
0.159877	0.568475
0.159877	0.568943
0.159877	0.567656
0.159877	0.567442
0.15988	0.566941
0.15988	0.56758
0.159881	0.566957
0.159881	0.567371
0.159881	0.567023
0.159882	0.567318
0.159882	0.568486
0.159882	0.568776
0.159882	0.567848
0.159884	0.568593
0.159884	0.567235
0.159884	0.568179
0.159884	0.567959
0.159884	0.569322
0.159884	0.567368
0.159885	0.56917
0.159885	0.568362
0.159885	0.567002
0.159885	0.568427
0.159885	0.568866
0.159885	0.5673
0.159886	0.568809
0.159886	0.567712
0.159886	0.567725
0.159886	0.567574
0.159886	0.568748
0.159887	0.56791
0.159887	0.568066
0.159887	0.568547
0.159887	0.568829
0.159888	0.567507
0.159888	0.569525
0.159889	0.569381
0.159889	0.567558
0.15989	0.567228
0.159891	0.568887
0.159891	0.567944
0.159891	0.569058
0.159891	0.568082
0.159891	0.568612
0.159891	0.567921
0.159891	0.568323
0.159891	0.569502
0.159892	0.568076
0.159892	0.569022
0.159892	0.568304
0.159892	0.567537
0.159892	0.567865
0.159892	0.56905
0.159892	0.568315
0.159894	0.56863
0.159894	0.56933
0.159894	0.567308
0.159895	0.568258
0.159895	0.567226
0.159895	0.567075
0.159896	0.568227
0.159896	0.569229
0.159897	0.567467
0.159897	0.569205
0.159897	0.569168
0.159897	0.569477
0.159897	0.567887
0.159897	0.567613
0.159897	0.568385
0.159898	0.569149
0.159898	0.568038
0.159899	0.5694
0.1599	0.568708
0.1599	0.567035
0.1599	0.568255
0.159902	0.568763
0.159902	0.567049
0.159906	0.567313
0.160153	0.537618
0.16177	0.500482
0.161771	0.499501
0.161772	0.499511
0.161774	0.500179
0.161775	0.500741
0.161775	0.500473
0.161775	0.500474
0.161775	0.50016
0.161776	0.500974
0.161776	0.500806
0.161776	0.499994
0.161776	0.499442
0.161776	0.499701
0.161777	0.500408
0.161777	0.49989
0.161777	0.500634
0.161778	0.500817
0.161779	0.500675
0.161779	0.500077
0.161779	0.499289
0.16178	0.50023
0.16178	0.499343
0.16178	0.499886
0.16178	0.49941
0.161781	0.499989
0.161781	0.499257
0.161781	0.499248
0.161781	0.500409
0.161782	0.499376
0.161782	0.499851
0.161782	0.50076
0.161782	0.500051
0.161782	0.500269
0.161782	0.500003
0.161783	0.500714
0.161783	0.499314
0.161783	0.500373
0.161784	0.500936
0.161784	0.500548
0.161784	0.499686
0.161784	0.499681
0.161784	0.499722
0.161784	0.500893
0.161784	0.499933
0.161784	0.500252
0.161784	0.499905
0.161785	0.500305
0.161785	0.499384
0.161785	0.499485
0.161785	0.500662
0.161785	0.499483
0.161785	0.499825
0.161785	0.500024
0.161786	0.500047
0.161786	0.49948
0.161786	0.503803
0.161787	0.500408
0.161787	0.499325
0.161787	0.500185
0.161787	0.500458
0.161787	0.500181
0.161788	0.500653
0.161788	0.500839
0.161789	0.500263
0.161789	0.500789
0.161789	0.499334
0.161789	0.500797
0.161789	0.50087
0.161789	0.499778
0.161789	0.500594
0.16179	0.500473
0.16179	0.499578
0.16179	0.499764
0.16179	0.499622
0.161791	0.50031
0.161791	0.499571
0.161792	0.499801
0.161792	0.500087
0.161793	0.500926
0.161794	0.499653
0.161795	0.49928
0.161795	0.500992
0.161795	0.50031
0.161795	0.500133
0.161796	0.500651
0.161796	0.499702
0.161797	0.499253
0.161797	0.499683
0.161798	0.499714
0.161799	0.499224
0.161799	0.500506
0.1618	0.500223
0.161802	0.499866
0.161802	0.500425
0.163119	0.42809
0.163709	0.409599
0.16371	0.40977
0.16371	0.409197
0.163712	0.409181
0.163713	0.409557
0.163714	0.409156
0.163714	0.409721
0.163714	0.409736
0.163715	0.409041
0.163716	0.409278
0.163716	0.409241
0.163716	0.409618
0.163717	0.409775
0.163717	0.409777
0.163717	0.409694
0.163719	0.409594
0.163719	0.409349
0.16372	0.409211
0.16372	0.409302
0.16372	0.409768
0.163721	0.409701
0.163721	0.409368
0.163721	0.409485
0.163722	0.409314
0.163722	0.409449
0.163722	0.409613
0.163722	0.409565
0.163722	0.409745
0.163723	0.409403
0.163723	0.409345
0.163723	0.409694
0.163724	0.409475
0.163724	0.409086
0.163724	0.409315
0.163724	0.409031
0.163724	0.409782
0.163725	0.409281
0.163725	0.409587
0.163725	0.409427
0.163726	0.409677
0.163726	0.409595
0.163726	0.409783
0.163726	0.409197
0.163726	0.40961
0.163726	0.409476
0.163726	0.409513
0.163727	0.409016
0.163727	0.40972
0.163727	0.409448
0.163727	0.4092
0.163727	0.409113
0.163728	0.409474
0.163728	0.409425
0.163728	0.409729
0.163728	0.409467
0.163728	0.409208
0.163729	0.409488
0.163729	0.409391
0.163729	0.409242
0.16373	0.40902
0.16373	0.409205
0.16373	0.40954
0.16373	0.409586
0.16373	0.409349
0.16373	0.409478
0.16373	0.409228
0.163731	0.409264
0.163731	0.40957
0.163732	0.409266
0.163732	0.40955
0.163732	0.409448
0.163732	0.409811
0.163733	0.40919
0.163733	0.409115
0.163733	0.409133
0.163733	0.409468
0.163733	0.409683
0.163733	0.409137
0.163733	0.409556
0.163733	0.409402
0.163734	0.40941
0.163734	0.409247
0.163735	0.409401
0.163735	0.409416
0.163736	0.40959
0.163737	0.409823
0.163737	0.409786
0.163737	0.40953
0.163738	0.409377
0.163739	0.409654
0.163739	0.409367
0.16374	0.409178
0.163743	0.409589
0.163743	0.409763
0.163743	0.409564
0.164328	0.39557
0.165682	0.36195
0.165686	0.362017
0.165687	0.361945
0.165691	0.361903
0.165692	0.362078
0.165692	0.36227
0.165692	0.362079
0.165693	0.362149
0.165693	0.362082
0.165694	0.361997
0.165694	0.362049
0.165694	0.361894
0.165694	0.361981
0.165695	0.362172
0.165695	0.362072
0.165696	0.36184
0.165696	0.361913
0.165696	0.362079
0.165697	0.362044
0.165697	0.361885
0.165697	0.36197
0.165697	0.362113
0.165697	0.362209
0.165698	0.36205
0.165699	0.361853
0.165699	0.361961
0.165699	0.361932
0.165699	0.362145
0.165699	0.36219
0.1657	0.361943
0.1657	0.362284
0.1657	0.361897
0.1657	0.361903
0.1657	0.36203
0.1657	0.362103
0.1657	0.362019
0.165701	0.361975
0.165701	0.36206
0.165702	0.362
0.165702	0.36208
0.165702	0.362026
0.165703	0.362091
0.165703	0.361873
0.165703	0.362078
0.165703	0.362081
0.165703	0.362175
0.165703	0.362101
0.165704	0.362158
0.165704	0.361986
0.165704	0.362248
0.165704	0.362035
0.165704	0.362221
0.165704	0.361986
0.165704	0.362068
0.165705	0.362149
0.165705	0.362226
0.165705	0.361945
0.165705	0.362107
0.165705	0.361945
0.165706	0.362077
0.165706	0.362256
0.165706	0.362005
0.165707	0.362215
0.165707	0.361997
0.165707	0.362015
0.165707	0.362171
0.165708	0.362207
0.165708	0.362045
0.165708	0.362153
0.165708	0.361862
0.165708	0.36203
0.165708	0.362006
0.165708	0.362166
0.165708	0.361951
0.165709	0.361961
0.165709	0.361876
0.165709	0.362137
0.16571	0.3619
0.16571	0.361848
0.16571	0.362198
0.165711	0.362099
0.165711	0.362068
0.165711	0.362214
0.165712	0.362093
0.165713	0.361915
0.165713	0.361976
0.165713	0.361964
0.165715	0.362088
0.165715	0.362002
0.165715	0.362114
0.165715	0.362158
0.165716	0.362284
0.165718	0.362007
0.165718	0.362106
0.165718	0.362214
0.165723	0.362054
0.165724	0.36224
0.165974	0.362327
0.167688	0.320669
0.167698	0.321442
0.167703	0.320818
0.167704	0.321437
0.167704	0.321699
0.167704	0.321657
0.167704	0.321741
0.167705	0.321007
0.167705	0.32137
0.167706	0.321771
0.167706	0.320969
0.167707	0.321484
0.167709	0.321139
0.167709	0.321395
0.16771	0.321633
0.16771	0.321211
0.167711	0.321928
0.167711	0.321114
0.167712	0.321795
0.167712	0.321046
0.167712	0.32184
0.167712	0.321022
0.167712	0.321032
0.167713	0.320842
0.167713	0.321432
0.167713	0.320813
0.167713	0.321297
0.167713	0.320923
0.167713	0.320813
0.167713	0.321567
0.167714	0.321441
0.167714	0.321788
0.167714	0.321311
0.167714	0.321719
0.167714	0.320895
0.167714	0.321345
0.167714	0.320973
0.167714	0.320748
0.167714	0.320707
0.167714	0.320753
0.167715	0.322005
0.167715	0.321789
0.167716	0.32097
0.167716	0.320724
0.167716	0.321313
0.167716	0.321923
0.167716	0.321456
0.167717	0.321323
0.167717	0.321227
0.167717	0.321542
0.167717	0.321107
0.167717	0.321048
0.167718	0.32141
0.167718	0.320662
0.167718	0.320839
0.167718	0.322014
0.167718	0.321285
0.167718	0.320804
0.167719	0.320768
0.167719	0.321558
0.167719	0.321408
0.167719	0.321684
0.167719	0.321685
0.167719	0.321073
0.16772	0.320821
0.16772	0.321586
0.16772	0.321182
0.167721	0.321907
0.167721	0.321281
0.167722	0.322044
0.167722	0.321026
0.167722	0.321571
0.167722	0.321769
0.167722	0.321762
0.167722	0.321171
0.167723	0.321691
0.167723	0.321397
0.167723	0.321844
0.167723	0.321887
0.167723	0.320958
0.167724	0.321166
0.167724	0.321533
0.167725	0.321229
0.167725	0.321438
0.167725	0.321563
0.167725	0.32104
0.167726	0.326343
0.167726	0.321765
0.167727	0.321941
0.167727	0.321107
0.167728	0.321605
0.167728	0.320875
0.167728	0.321157
0.167729	0.321208
0.167729	0.321142
0.16773	0.321294
0.167734	0.321875
0.167734	0.321589
0.167745	0.321906
0.168294	0.304293
0.169739	0.198563
0.169741	0.199446
0.169747	0.198877
0.169747	0.199469
0.169748	0.199062
0.169749	0.197944
0.16975	0.197987
0.16975	0.199458
0.16975	0.198488
0.169752	0.198023
0.169752	0.199074
0.169753	0.199364
0.169753	0.197729
0.169753	0.199051
0.169753	0.199477
0.169754	0.199178
0.169754	0.197658
0.169755	0.198249
0.169755	0.198145
0.169755	0.198537
0.169759	0.198392
0.169759	0.198806
0.169759	0.198702
0.16976	0.199226
0.16976	0.197662
0.16976	0.198892
0.16976	0.198037
0.16976	0.19874
0.169761	0.19762
0.169761	0.199424
0.169761	0.197784
0.169761	0.19846
0.169761	0.198361
0.169762	0.197892
0.169762	0.198383
0.169762	0.198108
0.169762	0.198587
0.169762	0.197861
0.169763	0.19827
0.169763	0.198798
0.169763	0.199414
0.169763	0.198714
0.169764	0.197848
0.169764	0.199332
0.169764	0.198578
0.169764	0.198232
0.169765	0.198592
0.169765	0.198476
0.169765	0.199502
0.169765	0.198807
0.169765	0.197596
0.169765	0.197861
0.169765	0.198952
0.169766	0.198941
0.169766	0.199127
0.169766	0.198547
0.169766	0.198081
0.169766	0.19814
0.169766	0.198171
0.169766	0.198734
0.169766	0.19951
0.169766	0.19781
0.169767	0.199467
0.169767	0.197817
0.169767	0.198367
0.169767	0.19824
0.169768	0.199199
0.169768	0.198677
0.169768	0.197895
0.169768	0.198404
0.169768	0.19781
0.169769	0.199214
0.169769	0.199513
0.169769	0.198635
0.169769	0.199351
0.169769	0.198079
0.169769	0.198876
0.169769	0.199536
0.16977	0.199116
0.16977	0.198994
0.16977	0.198972
0.169771	0.199327
0.169771	0.198288
0.169771	0.198729
0.169771	0.198981
0.169772	0.197599
0.169772	0.199029
0.169773	0.197756
0.169774	0.198492
0.169775	0.199244
0.169775	0.198243
0.169777	0.197705
0.169777	0.198397
0.169777	0.19842
0.169777	0.198198
0.169778	0.199163
0.169779	0.198128
0.169779	0.198139
0.16978	0.199197
0.169783	0.19769
0.169783	0.197859
0.171452	0.204688
0.171822	0.176748
0.171824	0.17696
0.171827	0.175245
0.171827	0.176077
0.171828	0.175249
0.17183	0.177426
0.171831	0.175651
0.171831	0.177193
0.171831	0.177123
0.171831	0.17534
0.171832	0.17599
0.171832	0.17524
0.171832	0.176683
0.171832	0.175831
0.171833	0.177344
0.171833	0.177342
0.171833	0.175803
0.171834	0.175858
0.171834	0.177508
0.171834	0.175449
0.171835	0.177199
0.171835	0.177047
0.171835	0.175671
0.171835	0.177213
0.171836	0.177389
0.171836	0.176865
0.171836	0.175551
0.171836	0.176231
0.171836	0.177202
0.171836	0.176895
0.171836	0.175405
0.171837	0.17662
0.171837	0.176485
0.171837	0.17599
0.171838	0.176497
0.171838	0.176631
0.171838	0.175536
0.171838	0.175647
0.171839	0.175723
0.171839	0.17766
0.171839	0.176277
0.171839	0.177241
0.171839	0.176196
0.171839	0.176197
0.171839	0.175431
0.171839	0.175973
0.171841	0.175551
0.171841	0.17526
0.171841	0.176932
0.171841	0.177428
0.171842	0.175158
0.171842	0.175247
0.171842	0.175294
0.171842	0.177311
0.171843	0.175239
0.171843	0.176676
0.171844	0.176657
0.171844	0.176493
0.171844	0.176117
0.171845	0.176317
0.171845	0.17611
0.171845	0.175568
0.171846	0.1764
0.171846	0.177025
0.171846	0.175265
0.171847	0.175711
0.171847	0.176338
0.171847	0.176856
0.171847	0.175839
0.171848	0.177545
0.171848	0.177498
0.171848	0.175544
0.171848	0.176556
0.171849	0.176259
0.17185	0.176343
0.17185	0.17598
0.17185	0.177154
0.171851	0.176978
0.171851	0.177546
0.171852	0.176706
0.171852	0.177214
0.171852	0.176513
0.171852	0.176082
0.171852	0.177104
0.171852	0.17545
0.171853	0.175886
0.171853	0.176111
0.171853	0.176362
0.171853	0.177553
0.171854	0.175556
0.171854	0.176288
0.171855	0.17557
0.171855	0.17642
0.171855	0.176214
0.171856	0.176905
0.171857	0.176672
0.171857	0.177464
0.171858	0.175851
0.171858	0.176955
0.171859	0.175934
0.171859	0.176736
0.171862	0.177685
0.173581	0.106956
0.17393	0.0636862
0.173933	0.0642098
0.173933	0.0639455
0.173935	0.0626374
0.173938	0.0644652
0.173938	0.0624589
0.173939	0.0635348
0.17394	0.0633578
0.17394	0.0635721
0.17394	0.063999
0.17394	0.0623996
0.17394	0.0636058
0.17394	0.0626676
0.173941	0.0628582
0.173941	0.0636396
0.173943	0.0640369
0.173943	0.0628228
0.173944	0.0633381
0.173944	0.0642599
0.173944	0.0640758
0.173944	0.0626018
0.173945	0.0625086
0.173945	0.064351
0.173945	0.0631967
0.173946	0.0626851
0.173946	0.0634182
0.173946	0.0643959
0.173946	0.0635417
0.173947	0.0646963
0.173947	0.0630054
0.173947	0.0622157
0.173947	0.0628335
0.173948	0.0645502
0.173948	0.0642692
0.173948	0.0631733
0.173949	0.0624217
0.173949	0.062106
0.173949	0.0644598
0.173949	0.0624219
0.173949	0.062005
0.173949	0.0631475
0.173949	0.0641672
0.17395	0.0621536
0.17395	0.0628667
0.17395	0.0625745
0.17395	0.0627709
0.17395	0.0640601
0.17395	0.0637782
0.17395	0.0623848
0.17395	0.0633117
0.173951	0.0628559
0.173951	0.0633017
0.173952	0.063491
0.173952	0.0629368
0.173952	0.0639003
0.173952	0.0630539
0.173953	0.06333
0.173953	0.0642829
0.173953	0.0635604
0.173953	0.064594
0.173953	0.0646989
0.173953	0.0626013
0.173954	0.0646462
0.173954	0.0630225
0.173954	0.0630404
0.173954	0.0631603
0.173954	0.0647342
0.173955	0.0629079
0.173955	0.0639553
0.173955	0.0624986
0.173955	0.0643014
0.173955	0.0622947
0.173955	0.0638164
0.173955	0.0644224
0.173956	0.0643417
0.173956	0.0624097
0.173956	0.0641711
0.173956	0.0626917
0.173956	0.0638736
0.173957	0.0641521
0.173957	0.0621323
0.173957	0.0629152
0.173957	0.0633069
0.173957	0.0641666
0.173958	0.0637924
0.173958	0.063935
0.173958	0.0625258
0.173958	0.0637475
0.173959	0.0620093
0.173959	0.0621689
0.17396	0.0635424
0.173961	0.0645128
0.173961	0.0633584
0.173961	0.0640176
0.173962	0.0637021
0.173963	0.0645933
0.173964	0.0632023
0.173964	0.0622582
0.173965	0.0644303
0.173965	0.0621856
0.173968	0.0631819
0.17397	0.0622549
0.17398	0.062182
0.174932	0.0589235
0.176063	0.00176179
0.176063	0.00133111
0.176066	0.00298327
0.176066	0.00268152
0.176067	0.00174914
0.176068	0.00313718
0.176069	0.00340615
0.176071	0.0020965
0.176071	0.00202485
0.176072	0.00265485
0.176072	0.00369923
0.176072	0.0032111
0.176072	0.00333113
0.176073	0.00347075
0.176073	0.00173393
0.176073	0.00150638
0.176075	0.0022607
0.176075	0.00286056
0.176076	0.0016304
0.176076	0.00165914
0.176076	0.00117882
0.176076	0.00205569
0.176077	0.00151753
0.176077	0.00353442
0.176078	0.00135876
0.176079	0.001915
0.176079	0.0036401
0.176079	0.00258153
0.17608	0.00171392
0.17608	0.00360396
0.17608	0.00243282
0.17608	0.00325701
0.17608	0.00160206
0.17608	0.00317387
0.176081	0.00270126
0.176081	0.00294738
0.176081	0.00191993
0.176081	0.00235088
0.176081	0.00223579
0.176082	0.00363224
0.176082	0.00391119
0.176083	0.0020526
0.176084	0.00161377
0.176084	0.00386619
0.176084	0.00227234
0.176084	0.00390857
0.176084	0.00403553
0.176084	0.00136981
0.176084	0.00180741
0.176085	0.00232815
0.176085	0.00359123
0.176085	0.00253949
0.176086	0.00273212
0.176086	0.00128132
0.176086	0.00245863
0.176086	0.00300751
0.176087	0.00292634
0.176087	0.00265448
0.176087	0.00191256
0.176087	0.00308253
0.176087	0.00139436
0.176087	0.00347242
0.176088	0.00285897
0.176089	0.00284286
0.176089	0.00217276
0.176089	0.00269732
0.176089	0.00204008
0.176089	0.00355611
0.17609	0.00341515
0.17609	0.00317347
0.17609	0.00192456
0.17609	0.00339769
0.17609	0.00332912
0.17609	0.00375973
0.17609	0.0038649
0.176092	0.00143742
0.176093	0.00388111
0.176093	0.00211621
0.176093	0.00317292
0.176093	0.00230099
0.176093	0.00393305
0.176094	0.00334327
0.176094	0.00396809
0.176094	0.00401455
0.176094	0.00380574
0.176094	0.00209498
0.176095	0.00184212
0.176095	0.0033125
0.176096	0.00214084
0.176096	0.00285018
0.176097	0.00148596
0.176097	0.00152821
0.176098	0.000497646
0.176099	0.00290995
0.176099	0.00332397
0.1761	0.00255315
0.176101	0.00147603
0.176102	0.00250546
0.176102	0.00118125
0.176103	0.00240275
0.176103	0.00371892
0.176103	0.00298173
0.176104	0.00307609
0.176104	0.00158534
0.176107	0.00126501
0.177955	-0.0518465
0.17822	-0.0851537
0.178222	-0.0850803
0.178222	-0.0855695
0.178223	-0.0837336
0.178224	-0.0841186
0.178227	-0.0852489
0.178227	-0.0837807
0.178228	-0.0854888
0.178229	-0.0852063
0.178229	-0.0839423
0.178229	-0.0846402
0.178231	-0.0845474
0.178231	-0.0835892
0.178232	-0.0842127
0.178232	-0.0864579
0.178232	-0.086074
0.178233	-0.0843748
0.178233	-0.0855432
0.178233	-0.0837773
0.178234	-0.0853007
0.178234	-0.0840757
0.178234	-0.085549
0.178234	-0.0862596
0.178234	-0.0859336
0.178234	-0.0846721
0.178234	-0.0863801
0.178234	-0.0843188
0.178235	-0.0854686
0.178235	-0.084014
0.178235	-0.08493
0.178235	-0.0838783
0.178236	-0.0857006
0.178236	-0.0847662
0.178236	-0.0849605
0.178236	-0.0841508
0.178237	-0.0855625
0.178237	-0.0848232
0.178237	-0.0864624
0.178237	-0.0864538
0.178237	-0.0844158
0.178237	-0.0861766
0.178238	-0.0852576
0.178238	-0.084741
0.178238	-0.0850609
0.178239	-0.0844111
0.178239	-0.086342
0.178239	-0.0850108
0.178239	-0.0857838
0.178239	-0.0860815
0.178239	-0.0844431
0.178239	-0.086322
0.17824	-0.0853452
0.17824	-0.0839982
0.17824	-0.084868
0.17824	-0.0850475
0.17824	-0.0841752
0.17824	-0.085122
0.178241	-0.0844145
0.178241	-0.0846862
0.178242	-0.0854244
0.178242	-0.0849151
0.178242	-0.0859105
0.178243	-0.0862623
0.178243	-0.0865492
0.178243	-0.0837635
0.178243	-0.0839881
0.178243	-0.0862889
0.178243	-0.0860733
0.178244	-0.0843884
0.178244	-0.0852912
0.178244	-0.0839228
0.178244	-0.0841393
0.178244	-0.0857775
0.178244	-0.0837401
0.178245	-0.0863461
0.178245	-0.0845501
0.178245	-0.0839931
0.178246	-0.0864799
0.178246	-0.0848089
0.178246	-0.0843006
0.178246	-0.0859215
0.178246	-0.0857123
0.178247	-0.0856409
0.178247	-0.0861588
0.178248	-0.0860282
0.178248	-0.0846781
0.178248	-0.0841647
0.178248	-0.085274
0.178248	-0.0848225
0.178249	-0.0846557
0.178249	-0.0844832
0.178251	-0.0850494
0.178252	-0.0857015
0.178252	-0.0860633
0.178253	-0.0860744
0.178253	-0.0854365
0.178254	-0.0865278
0.178256	-0.0854607
0.178257	-0.0859689
0.178258	-0.0856943
0.17826	-0.085806
0.17826	-0.0840535
0.178261	-0.0858429
0.178262	-0.085154
0.178267	-0.0836583
0.179188	-0.0967925
0.180385	-0.159412
0.18039	-0.158298
0.180392	-0.158104
0.180392	-0.157476
0.180393	-0.159047
0.180394	-0.159371
0.180394	-0.158044
0.180395	-0.157219
0.180395	-0.158068
0.180395	-0.157917
0.180395	-0.157349
0.180396	-0.157661
0.180397	-0.159329
0.180398	-0.156841
0.180398	-0.157736
0.180398	-0.15749
0.180399	-0.158358
0.180401	-0.158606
0.180401	-0.159261
0.180402	-0.159218
0.180402	-0.159605
0.180403	-0.157411
0.180403	-0.156938
0.180403	-0.158061
0.180404	-0.159064
0.180404	-0.159215
0.180404	-0.157355
0.180404	-0.156939
0.180404	-0.157531
0.180404	-0.157707
0.180404	-0.158846
0.180405	-0.157202
0.180405	-0.157128
0.180405	-0.159199
0.180405	-0.157759
0.180405	-0.158282
0.180405	-0.15899
0.180405	-0.159346
0.180406	-0.157484
0.180407	-0.159335
0.180407	-0.15711
0.180407	-0.158654
0.180408	-0.159261
0.180408	-0.156817
0.180408	-0.157182
0.180409	-0.158516
0.180409	-0.158154
0.180409	-0.158684
0.180409	-0.158037
0.180409	-0.158729
0.180409	-0.159084
0.180409	-0.157944
0.18041	-0.158996
0.18041	-0.158903
0.180411	-0.158467
0.180411	-0.15806
0.180411	-0.156937
0.180411	-0.157912
0.180411	-0.157468
0.180411	-0.158079
0.180412	-0.1582
0.180412	-0.157393
0.180413	-0.157324
0.180413	-0.158118
0.180413	-0.15703
0.180414	-0.157128
0.180414	-0.157498
0.180414	-0.159636
0.180414	-0.15927
0.180414	-0.157135
0.180414	-0.158281
0.180415	-0.158132
0.180415	-0.157605
0.180415	-0.159507
0.180415	-0.157396
0.180415	-0.158591
0.180415	-0.158381
0.180415	-0.159585
0.180415	-0.159426
0.180415	-0.158661
0.180416	-0.157852
0.180417	-0.157213
0.180417	-0.158658
0.180418	-0.156975
0.180418	-0.157985
0.180418	-0.158841
0.180418	-0.159444
0.180418	-0.158404
0.180418	-0.158886
0.180418	-0.159135
0.180419	-0.15959
0.180419	-0.157865
0.18042	-0.158404
0.18042	-0.158854
0.18042	-0.157387
0.180422	-0.157052
0.180422	-0.159607
0.180422	-0.159027
0.180423	-0.157707
0.180424	-0.158758
0.180424	-0.158737
0.180424	-0.157649
0.180425	-0.158992
0.180425	-0.157861
0.180426	-0.15901
0.180429	-0.158485
0.181619	-0.184586
0.182555	-0.239887
0.182559	-0.239605
0.18256	-0.240167
0.18256	-0.239855
0.182562	-0.239707
0.182564	-0.240112
0.182565	-0.23947
0.182566	-0.239663
0.182566	-0.241701
0.182566	-0.241367
0.182569	-0.240393
0.182569	-0.241027
0.182569	-0.239999
0.18257	-0.239334
0.18257	-0.239608
0.18257	-0.24167
0.182571	-0.240966
0.182572	-0.241763
0.182572	-0.241103
0.182573	-0.240839
0.182573	-0.241399
0.182573	-0.240733
0.182573	-0.241784
0.182574	-0.240572
0.182574	-0.240393
0.182574	-0.240741
0.182574	-0.240029
0.182574	-0.240117
0.182574	-0.241694
0.182575	-0.240845
0.182575	-0.241843
0.182575	-0.241099
0.182576	-0.240176
0.182576	-0.240052
0.182577	-0.239646
0.182577	-0.240435
0.182577	-0.240672
0.182577	-0.24047
0.182578	-0.241366
0.182578	-0.241063
0.182578	-0.242032
0.182578	-0.240051
0.182578	-0.239966
0.182578	-0.23946
0.182578	-0.240358
0.182578	-0.240654
0.182579	-0.240625
0.182579	-0.240281
0.18258	-0.241246
0.18258	-0.241499
0.182581	-0.240359
0.182581	-0.241263
0.182581	-0.239383
0.182581	-0.241495
0.182582	-0.241224
0.182582	-0.240235
0.182582	-0.239759
0.182582	-0.241159
0.182582	-0.241288
0.182582	-0.240526
0.182582	-0.241311
0.182583	-0.240862
0.182583	-0.241422
0.182584	-0.240088
0.182584	-0.240052
0.182584	-0.239959
0.182585	-0.241575
0.182585	-0.239353
0.182585	-0.239779
0.182585	-0.240958
0.182585	-0.241777
0.182585	-0.239396
0.182585	-0.240911
0.182586	-0.240748
0.182586	-0.240378
0.182586	-0.24054
0.182587	-0.240844
0.182587	-0.241526
0.182588	-0.241444
0.182588	-0.240876
0.182589	-0.23985
0.182589	-0.240533
0.182589	-0.23962
0.182589	-0.24118
0.182589	-0.241502
0.18259	-0.241254
0.18259	-0.240612
0.182591	-0.239791
0.182591	-0.241287
0.182592	-0.240677
0.182593	-0.241626
0.182593	-0.23992
0.182593	-0.240248
0.182593	-0.241015
0.182593	-0.240987
0.182593	-0.239781
0.182594	-0.241619
0.182594	-0.240447
0.182594	-0.239693
0.182594	-0.240339
0.182595	-0.239403
0.182596	-0.239497
0.182599	-0.239712
0.182601	-0.241159
0.182601	-0.241794
0.182607	-0.241748
0.184382	-0.294445
0.184716	-0.325019
0.184722	-0.325012
0.184723	-0.32469
0.184725	-0.324871
0.184726	-0.325326
0.184726	-0.325723
0.184727	-0.325359
0.184729	-0.324844
0.18473	-0.32598
0.18473	-0.324645
0.18473	-0.324829
0.184731	-0.325145
0.184731	-0.324593
0.184732	-0.325879
0.184733	-0.324794
0.184733	-0.325268
0.184733	-0.325322
0.184733	-0.325252
0.184733	-0.325083
0.184734	-0.325613
0.184734	-0.325445
0.184734	-0.325606
0.184734	-0.325565
0.184735	-0.325562
0.184735	-0.325752
0.184735	-0.324803
0.184735	-0.325141
0.184735	-0.325533
0.184735	-0.325937
0.184736	-0.325639
0.184736	-0.326028
0.184737	-0.324662
0.184737	-0.325186
0.184737	-0.32488
0.184737	-0.324561
0.184737	-0.324954
0.184737	-0.32569
0.184738	-0.326001
0.184738	-0.325315
0.184738	-0.325776
0.184739	-0.32545
0.184739	-0.326133
0.184739	-0.325346
0.184739	-0.325883
0.184739	-0.324793
0.184739	-0.325771
0.184739	-0.325918
0.18474	-0.325313
0.18474	-0.324779
0.184741	-0.324618
0.184741	-0.325651
0.184741	-0.325467
0.184741	-0.325405
0.184741	-0.32518
0.184741	-0.324907
0.184742	-0.325894
0.184742	-0.325765
0.184742	-0.324895
0.184742	-0.32601
0.184742	-0.325024
0.184742	-0.32577
0.184742	-0.326076
0.184742	-0.326013
0.184742	-0.32615
0.184742	-0.326111
0.184743	-0.325066
0.184743	-0.324669
0.184743	-0.326168
0.184743	-0.325892
0.184744	-0.325219
0.184744	-0.325269
0.184744	-0.325512
0.184744	-0.324748
0.184744	-0.326105
0.184745	-0.324765
0.184745	-0.325751
0.184745	-0.325538
0.184746	-0.325928
0.184746	-0.325727
0.184746	-0.325197
0.184746	-0.325187
0.184747	-0.32613
0.184747	-0.326017
0.184747	-0.326058
0.184747	-0.3251
0.184748	-0.325489
0.184748	-0.325156
0.184748	-0.325246
0.184748	-0.325117
0.184749	-0.324984
0.18475	-0.324903
0.18475	-0.324599
0.184751	-0.325488
0.184753	-0.324987
0.184753	-0.325654
0.184754	-0.3259
0.184754	-0.325326
0.184755	-0.325708
0.184755	-0.324879
0.184755	-0.326126
0.184756	-0.32506
0.184757	-0.325379
0.184759	-0.326061
0.184774	-0.324656
0.184959	-0.309811
0.186846	-0.43226
0.186849	-0.432146
0.18685	-0.432265
0.186853	-0.432199
0.186856	-0.432325
0.186856	-0.432212
0.186856	-0.432414
0.186857	-0.432242
0.186858	-0.432204
0.186859	-0.432349
0.186859	-0.432186
0.186861	-0.432254
0.186861	-0.432139
0.186861	-0.432204
0.186861	-0.432296
0.186862	-0.432288
0.186862	-0.432262
0.186862	-0.432366
0.186862	-0.432312
0.186863	-0.432131
0.186863	-0.432318
0.186864	-0.432272
0.186865	-0.43239
0.186865	-0.432408
0.186865	-0.432236
0.186865	-0.43222
0.186866	-0.43216
0.186867	-0.432316
0.186867	-0.432248
0.186867	-0.4323
0.186867	-0.432256
0.186867	-0.432242
0.186867	-0.43245
0.186867	-0.432345
0.186868	-0.432226
0.186868	-0.432352
0.186869	-0.432128
0.186869	-0.432283
0.186869	-0.432282
0.186869	-0.432327
0.18687	-0.432298
0.18687	-0.432371
0.18687	-0.432301
0.186871	-0.432304
0.186871	-0.432254
0.186871	-0.432276
0.186871	-0.43228
0.186871	-0.432278
0.186871	-0.43232
0.186871	-0.432349
0.186871	-0.432202
0.186872	-0.432397
0.186872	-0.432293
0.186872	-0.432268
0.186873	-0.432304
0.186873	-0.432276
0.186873	-0.432365
0.186873	-0.432272
0.186873	-0.432308
0.186873	-0.432334
0.186874	-0.432263
0.186874	-0.432506
0.186874	-0.432321
0.186874	-0.432294
0.186874	-0.43229
0.186875	-0.432352
0.186875	-0.432284
0.186876	-0.432228
0.186876	-0.432434
0.186876	-0.432341
0.186876	-0.431334
0.186877	-0.432268
0.186877	-0.43231
0.186877	-0.432245
0.186877	-0.432281
0.186879	-0.432253
0.186879	-0.432277
0.186879	-0.432292
0.18688	-0.432401
0.18688	-0.432273
0.186882	-0.432344
0.186882	-0.432235
0.186882	-0.432283
0.186884	-0.432366
0.186885	-0.432489
0.186885	-0.43234
0.186885	-0.432231
0.186886	-0.432301
0.186886	-0.43243
0.186886	-0.432353
0.186886	-0.432266
0.186886	-0.432293
0.186886	-0.432414
0.186886	-0.43227
0.186886	-0.432445
0.186887	-0.43245
0.186887	-0.432275
0.186888	-0.432144
0.186889	-0.432506
0.186889	-0.432306
0.186892	-0.432363
0.186895	-0.432281
0.186898	-0.432231
0.187559	-0.425096
0.188912	-0.516662
0.188919	-0.514941
0.188925	-0.516789
0.188925	-0.514779
0.188929	-0.515731
0.18893	-0.51504
0.188932	-0.516336
0.188934	-0.516915
0.188934	-0.515728
0.188935	-0.51529
0.188935	-0.515237
0.188935	-0.514547
0.188936	-0.516657
0.188938	-0.516363
0.188938	-0.516602
0.188938	-0.514614
0.188938	-0.516409
0.188938	-0.515681
0.188938	-0.516897
0.188939	-0.515006
0.188939	-0.515363
0.188939	-0.51658
0.188939	-0.51586
0.18894	-0.516738
0.18894	-0.515986
0.18894	-0.5156
0.188941	-0.516845
0.188941	-0.51559
0.188943	-0.515986
0.188943	-0.515176
0.188943	-0.515619
0.188943	-0.514963
0.188943	-0.516071
0.188943	-0.514865
0.188944	-0.514973
0.188944	-0.515498
0.188945	-0.514426
0.188945	-0.514879
0.188946	-0.516405
0.188946	-0.51614
0.188947	-0.516079
0.188947	-0.515542
0.188947	-0.515638
0.188949	-0.515836
0.18895	-0.515469
0.18895	-0.514521
0.18895	-0.515097
0.18895	-0.51432
0.18895	-0.514951
0.188951	-0.514531
0.188951	-0.515118
0.188951	-0.515453
0.188952	-0.516251
0.188952	-0.515088
0.188952	-0.516611
0.188953	-0.515795
0.188953	-0.515653
0.188953	-0.516054
0.188954	-0.515245
0.188954	-0.516141
0.188954	-0.515975
0.188954	-0.515132
0.188955	-0.516932
0.188955	-0.514941
0.188955	-0.515458
0.188955	-0.516314
0.188956	-0.516555
0.188956	-0.516171
0.188956	-0.51468
0.188956	-0.515684
0.188956	-0.515057
0.188957	-0.516749
0.188958	-0.515994
0.188958	-0.516351
0.188958	-0.515955
0.188959	-0.51484
0.188959	-0.516243
0.188959	-0.514656
0.188959	-0.514908
0.188959	-0.514934
0.18896	-0.516808
0.18896	-0.514449
0.18896	-0.516314
0.18896	-0.515067
0.188961	-0.514698
0.188961	-0.516025
0.188962	-0.514424
0.188962	-0.515712
0.188962	-0.515699
0.188962	-0.515503
0.188963	-0.516742
0.188963	-0.514481
0.188965	-0.514395
0.188967	-0.514697
0.188968	-0.516736
0.188969	-0.515979
0.18897	-0.516953
0.188977	-0.514775
0.188978	-0.516392
0.188979	-0.516776
0.190363	-0.412318
0.190925	-0.413201
0.190929	-0.414069
0.190931	-0.416934
0.190931	-0.413312
0.190932	-0.415495
0.190932	-0.413953
0.190934	-0.41438
0.190935	-0.413684
0.190936	-0.414885
0.190936	-0.412542
0.190936	-0.414667
0.190937	-0.416592
0.190938	-0.414814
0.190939	-0.41412
0.19094	-0.415544
0.190941	-0.416288
0.190942	-0.415181
0.190942	-0.414394
0.190943	-0.414772
0.190943	-0.414616
0.190943	-0.416475
0.190943	-0.413266
0.190944	-0.415056
0.190944	-0.413239
0.190944	-0.416031
0.190945	-0.415154
0.190945	-0.414497
0.190945	-0.414683
0.190945	-0.414864
0.190945	-0.41559
0.190946	-0.412632
0.190946	-0.416126
0.190946	-0.413144
0.190946	-0.416139
0.190947	-0.412893
0.190947	-0.415872
0.190948	-0.414658
0.190948	-0.413157
0.190948	-0.41364
0.190948	-0.41712
0.190948	-0.415364
0.190948	-0.412625
0.190948	-0.413413
0.190948	-0.415619
0.190949	-0.416397
0.190949	-0.415355
0.190949	-0.413049
0.190949	-0.41563
0.19095	-0.412453
0.19095	-0.416422
0.19095	-0.415132
0.190951	-0.414113
0.190951	-0.414155
0.190951	-0.412792
0.190951	-0.415992
0.190951	-0.416181
0.190952	-0.412855
0.190952	-0.413687
0.190952	-0.414153
0.190952	-0.415869
0.190952	-0.412755
0.190952	-0.416575
0.190953	-0.414485
0.190953	-0.412768
0.190954	-0.41404
0.190955	-0.413374
0.190956	-0.416117
0.190956	-0.415481
0.190956	-0.415211
0.190956	-0.413812
0.190956	-0.415032
0.190957	-0.413262
0.190957	-0.412847
0.190957	-0.413883
0.190958	-0.412916
0.190959	-0.416601
0.190959	-0.41623
0.19096	-0.415409
0.190961	-0.416402
0.190961	-0.413056
0.190962	-0.414804
0.190962	-0.415203
0.190962	-0.416045
0.190963	-0.415727
0.190963	-0.413633
0.190964	-0.41427
0.190966	-0.415126
0.190966	-0.413828
0.190966	-0.412836
0.190968	-0.415518
0.190969	-0.413926
0.190969	-0.41426
0.19097	-0.412338
0.190971	-0.41578
0.190978	-0.412582
0.191965	-0.171472
0.192821	0.00540198
0.192822	0.00434476
0.192825	0.00591331
0.192827	0.00833633
0.192831	0.00413549
0.192831	0.00726917
0.192832	0.00476092
0.192832	0.00945321
0.192832	0.00847441
0.192832	0.00487192
0.192833	0.00607052
0.192833	0.00883996
0.192834	0.00683125
0.192835	0.00745067
0.192835	0.00432347
0.192836	0.00797682
0.192837	0.00896292
0.192838	0.00605374
0.192838	0.00718984
0.192838	0.00827181
0.192838	0.00667579
0.192839	0.00602227
0.192839	0.00488497
0.19284	0.00551071
0.19284	0.00418178
0.19284	0.0060747
0.19284	0.00768239
0.192842	0.00825395
0.192842	0.00621244
0.192842	0.00712389
0.192842	0.00517125
0.192843	0.00732457
0.192843	0.00723729
0.192843	0.00892315
0.192843	0.00599475
0.192844	0.00518782
0.192844	0.00625579
0.192844	0.00462497
0.192844	0.00554382
0.192844	0.00834203
0.192845	0.00583406
0.192846	0.00744172
0.192846	0.00802187
0.192846	0.00808155
0.192846	0.00527378
0.192846	0.00584232
0.192846	0.00839534
0.192847	0.00663183
0.192847	0.00592927
0.192847	0.00599078
0.192847	0.00714794
0.192847	0.00574704
0.192847	0.00789902
0.192848	0.00828084
0.192848	0.0078674
0.192848	0.00790207
0.192849	0.00733845
0.192849	0.00920589
0.192849	0.00878205
0.192849	0.00431202
0.192849	0.00448665
0.19285	0.00451305
0.19285	0.00613294
0.19285	0.00523405
0.19285	0.00463918
0.192851	0.00825396
0.192852	0.0076305
0.192852	0.00775542
0.192853	0.00552894
0.192854	0.00730944
0.192854	0.00730759
0.192854	0.0086209
0.192855	0.00662511
0.192855	0.00860471
0.192855	0.00661553
0.192856	0.00795594
0.192856	0.00566268
0.192856	0.00497802
0.192856	0.00499511
0.192856	0.00543955
0.192857	0.00486278
0.19286	0.00658946
0.192862	0.00842011
0.192863	0.00670318
0.192863	0.00610802
0.192864	0.00488204
0.192866	0.00412028
0.192866	0.00855186
0.192869	0.00867312
0.193303	0.0508818
0.194588	0.309932
0.194591	0.308826
0.194593	0.309666
0.194594	0.307938
0.194595	0.307501
0.194595	0.310875
0.194595	0.311563
0.194596	0.307705
0.194597	0.310939
0.194597	0.307114
0.194597	0.307779
0.194597	0.311787
0.194598	0.311702
0.194598	0.310007
0.194599	0.307797
0.1946	0.310856
0.1946	0.311838
0.1946	0.310564
0.1946	0.307145
0.1946	0.30975
0.1946	0.311123
0.194601	0.308124
0.194602	0.310557
0.194603	0.307012
0.194603	0.307969
0.194603	0.31124
0.194604	0.30822
0.194604	0.310113
0.194605	0.31175
0.194605	0.31072
0.194606	0.309026
0.194606	0.308128
0.194606	0.309542
0.194606	0.310062
0.194606	0.311147
0.194607	0.312403
0.194607	0.308436
0.194608	0.309416
0.194608	0.311284
0.194608	0.309577
0.194608	0.312132
0.194608	0.309859
0.194608	0.308277
0.194608	0.309082
0.194609	0.307878
0.194609	0.310561
0.194609	0.311611
0.19461	0.306932
0.19461	0.311481
0.19461	0.30931
0.194611	0.308264
0.194611	0.311099
0.194612	0.310238
0.194612	0.309737
0.194612	0.309188
0.194613	0.311651
0.194614	0.308497
0.194614	0.31232
0.194614	0.308326
0.194614	0.310464
0.194614	0.308975
0.194615	0.30694
0.194615	0.310442
0.194615	0.312082
0.194616	0.307453
0.194617	0.311607
0.194617	0.308711
0.194619	0.310454
0.194619	0.307205
0.19462	0.309264
0.19462	0.309304
0.194621	0.309913
0.194621	0.311353
0.194622	0.310235
0.194623	0.308233
0.194624	0.308672
0.194624	0.307623
0.194624	0.307615
0.194624	0.311243
0.194624	0.307009
0.194629	0.307458
0.19463	0.312252
0.195012	0.226385
0.196187	0.222375
0.196187	0.226576
0.19619	0.226354
0.196191	0.226742
0.196192	0.226098
0.196193	0.226143
0.196195	0.221084
0.196195	0.22164
0.196196	0.2256
0.196197	0.225842
0.196198	0.224373
0.196198	0.221689
0.196199	0.223465
0.196199	0.226481
0.196199	0.225491
0.1962	0.225773
0.1962	0.223769
0.196201	0.221453
0.196201	0.222851
0.196201	0.222962
0.196201	0.222403
0.196203	0.226956
0.196203	0.223608
0.196203	0.22588
0.196204	0.222231
0.196204	0.222965
0.196204	0.221891
0.196205	0.225382
0.196206	0.224609
0.196206	0.226786
0.196206	0.224304
0.196207	0.222745
0.196207	0.224143
0.196207	0.223522
0.196208	0.226652
0.196208	0.22394
0.196208	0.222718
0.196208	0.222518
0.196208	0.22263
0.196208	0.226436
0.196208	0.225846
0.196209	0.221439
0.19621	0.223537
0.19621	0.225259
0.196211	0.223276
0.196212	0.223356
0.196212	0.224127
0.196213	0.224093
0.196213	0.226179
0.196213	0.223846
0.196214	0.222167
0.196214	0.224902
0.196214	0.224787
0.196215	0.221644
0.196215	0.225359
0.196215	0.225035
0.196215	0.224656
0.196216	0.222179
0.196216	0.223308
0.196216	0.22524
0.196217	0.224452
0.196217	0.222187
0.19622	0.221704
0.19622	0.222954
0.19622	0.225353
0.196221	0.223771
0.196222	0.225029
0.196222	0.222114
0.196223	0.22371
0.196224	0.224844
0.196225	0.22198
0.196225	0.221753
0.196225	0.224602
0.196226	0.225474
0.197269	0.128047
0.197596	0.163489
0.197608	0.162671
0.19761	0.163579
0.197612	0.162771
0.197613	0.162425
0.197614	0.165239
0.197615	0.164436
0.197615	0.16541
0.197615	0.163774
0.197616	0.165052
0.197617	0.16268
0.197617	0.163764
0.197618	0.161547
0.197618	0.162389
0.197619	0.162062
0.19762	0.164732
0.19762	0.164546
0.197622	0.161982
0.197622	0.161376
0.197622	0.162689
0.197622	0.163461
0.197622	0.164533
0.197623	0.163196
0.197624	0.164129
0.197624	0.161714
0.197624	0.163334
0.197625	0.162105
0.197625	0.163871
0.197625	0.163792
0.197625	0.164632
0.197626	0.162696
0.197626	0.163887
0.197626	0.164598
0.197627	0.164909
0.197627	0.163796
0.197627	0.161956
0.197628	0.163727
0.197628	0.161417
0.197629	0.162928
0.197629	0.161386
0.197629	0.162615
0.197631	0.162442
0.197631	0.161956
0.197632	0.164347
0.197632	0.163302
0.197632	0.161028
0.197633	0.16128
0.197633	0.1636
0.197634	0.162457
0.197634	0.162996
0.197634	0.162435
0.197634	0.161361
0.197637	0.163064
0.197638	0.164456
0.197639	0.165049
0.197639	0.165006
0.19764	0.164644
0.19764	0.161938
0.197643	0.161401
0.197643	0.161724
0.197644	0.161219
0.197644	0.161506
0.197648	0.164196
0.197654	0.162294
0.198581	0.129819
0.198819	0.139593
0.198824	0.142372
0.198828	0.142079
0.198828	0.141914
0.198828	0.140294
0.198831	0.139837
0.198832	0.140903
0.198834	0.139671
0.198836	0.140829
0.198837	0.141824
0.198839	0.141547
0.19884	0.140318
0.198841	0.141174
0.198841	0.140111
0.198842	0.140791
0.198842	0.139978
0.198842	0.140989
0.198843	0.14069
0.198843	0.141147
0.198843	0.141814
0.198844	0.14101
0.198844	0.14061
0.198845	0.14106
0.198846	0.141167
0.198846	0.14152
0.198846	0.141654
0.198847	0.141376
0.198848	0.141763
0.198848	0.141593
0.198849	0.142006
0.198849	0.140128
0.198849	0.141586
0.19885	0.140492
0.198852	0.141011
0.198852	0.141063
0.198852	0.140063
0.198852	0.141036
0.198853	0.13988
0.198853	0.140424
0.198853	0.139923
0.198853	0.142284
0.198853	0.14096
0.198854	0.142118
0.198855	0.141321
0.198855	0.140728
0.198855	0.140901
0.198856	0.140733
0.198859	0.139809
0.198859	0.141553
0.19886	0.14108
0.198862	0.141569
0.198862	0.139999
0.198864	0.139589
0.198867	0.140639
0.199752	0.0644026
0.199829	0.05036
0.199831	0.0491628
0.199832	0.0500943
0.199835	0.0492297
0.199838	0.0495791
0.199841	0.0496675
0.199845	0.0500495
0.199846	0.0492927
0.199848	0.0492979
0.199848	0.0495533
0.199848	0.0497241
0.19985	0.0498542
0.19985	0.0502952
0.19985	0.0499872
0.19985	0.0495125
0.199851	0.0499912
0.199851	0.0505849
0.199852	0.0501079
0.199852	0.0494614
0.199853	0.0492569
0.199853	0.0489779
0.199853	0.0496401
0.199855	0.0503172
0.199855	0.0503916
0.199856	0.0500391
0.199856	0.0503181
0.199856	0.0499524
0.199856	0.0492066
0.199858	0.0495007
0.199861	0.0499816
0.199861	0.0502267
0.199861	0.0504797
0.199861	0.0496555
0.199865	0.0498853
0.199866	0.0496565
0.199866	0.0499158
0.199867	0.0491777
0.199867	0.0503457
0.199869	0.0494021
0.19987	0.0502809
0.199875	0.0490896
0.199882	0.0491237
0.199887	0.0503395
0.200019	0.0302483
0.200644	-0.0756178
0.200649	-0.0752463
0.200653	-0.0752453
0.200654	-0.0762693
0.200655	-0.0761076
0.200656	-0.0754077
0.200656	-0.0756378
0.200658	-0.0758243
0.200659	-0.0757275
0.20066	-0.0750578
0.20066	-0.075449
0.200661	-0.0761492
0.200662	-0.0757418
0.200664	-0.0755482
0.200666	-0.0756866
0.200667	-0.0751627
0.200667	-0.0753711
0.200667	-0.0757169
0.200668	-0.0762674
0.200668	-0.0757832
0.200669	-0.0754341
0.200669	-0.0758087
0.20067	-0.0756583
0.200671	-0.075893
0.200671	-0.0752988
0.200673	-0.076043
0.200674	-0.0753904
0.200674	-0.0758184
0.200674	-0.0760899
0.200677	-0.0760224
0.20068	-0.0754527
0.20068	-0.0758028
0.200687	-0.0762012
0.200693	-0.0757531
0.200868	-0.0923848
0.201264	-0.143635
0.201264	-0.144123
0.201267	-0.14377
0.201268	-0.144061
0.201269	-0.143823
0.201273	-0.144089
0.201275	-0.143723
0.201277	-0.144179
0.201279	-0.14349
0.201279	-0.143889
0.201281	-0.144156
0.201282	-0.144133
0.201284	-0.143959
0.201285	-0.143679
0.201287	-0.143718
0.201288	-0.143641
0.20129	-0.143414
0.201291	-0.143917
0.201292	-0.143645
0.201293	-0.143738
0.201301	-0.143718
0.201307	-0.144424
0.201308	-0.143643
0.201312	-0.143987
0.201319	-0.144108
0.201416	-0.150802
0.201723	-0.173229
0.201723	-0.173214
0.201725	-0.173473
0.20173	-0.173525
0.201732	-0.173257
0.201734	-0.173316
0.201735	-0.173371
0.201738	-0.173147
0.201738	-0.173218
0.201739	-0.173255
0.201739	-0.173217
0.201742	-0.17325
0.201744	-0.173357
0.201746	-0.173198
0.201746	-0.173385
0.201748	-0.173293
0.201752	-0.173285
0.201755	-0.173586
0.202023	-0.194187
0.202024	-0.198174
0.202027	-0.198161
0.202042	-0.198046
0.20205	-0.198144
0.202051	-0.198078
0.202051	-0.19805
0.202055	-0.198292
0.202059	-0.198133
0.202069	-0.198172
0.202075	-0.198288
0.202076	-0.198236
0.202168	-0.203028
0.202232	-0.207335
0.202247	-0.207344
0.202247	-0.207272
0.202251	-0.207365
0.202253	-0.207213
0.202256	-0.207249
0.202269	-0.207376
0.202346	-0.20771
0.202369	-0.207874
0.202373	-0.207857
0.202405	-0.207876
0.202425	-0.206008
0.202427	-0.201055
0.202456	-0.200978
0.202484	-0.195977
0.202499	-0.197972
0.202536	-0.192027
0.202562	-0.188924
0.202563	-0.184701
0.202587	-0.176944
0.202591	-0.16957
0.202617	-0.171665
0.202652	-0.151677
0.202676	-0.151668
0.202683	-0.146619
0.202717	-0.126153
0.202722	-0.126169
0.202731	-0.11785
0.202766	-0.0871488
0.202782	-0.0981407
0.202798	-0.0981619
0.20283	-0.0702303
0.202843	-0.0702131
0.202869	-0.0584945
0.202875	-0.0463115
0.202905	-0.0265476
0.202914	-0.0463264
0.202954	-0.0221269
0.202979	-0.0115045
0.202983	-0.00342364
)
