(title "Circumferential Averages")
(labels "Radius" "Tangential Velocity")

((xy/key/label "")
0.142018	-5.21753
0.14203	-11.5849
0.142063	-23.1357
0.142074	-20.6644
0.142078	-23.709
0.142142	-32.2209
0.142152	-32.2233
0.142153	-32.2235
0.142161	-32.2253
0.1422	-34.8535
0.142264	-38.9765
0.142265	-38.9771
0.142268	-38.9777
0.142268	-38.9777
0.142272	-38.9787
0.142276	-38.9798
0.142283	-38.9817
0.142444	-44.1029
0.142455	-44.7418
0.142457	-44.7425
0.142458	-44.743
0.14246	-44.7435
0.142463	-44.7445
0.142466	-44.7455
0.142467	-44.7454
0.142467	-44.7456
0.142468	-44.7459
0.142474	-44.7479
0.142622	-48.0654
0.142736	-50.666
0.142738	-50.667
0.142739	-50.6676
0.14274	-50.6673
0.142741	-50.6673
0.142741	-50.6677
0.142742	-50.6683
0.142743	-50.6685
0.142744	-50.669
0.142747	-50.6694
0.142749	-50.6703
0.14275	-50.671
0.14275	-50.6707
0.142755	-50.6728
0.142756	-50.6734
0.142891	-52.4912
0.143115	-55.6025
0.143124	-55.6061
0.143126	-55.6066
0.143127	-55.6064
0.143128	-55.6071
0.143128	-55.6069
0.143128	-55.607
0.143129	-55.6069
0.143129	-55.6074
0.14313	-55.6078
0.143132	-55.6088
0.143132	-55.6085
0.143132	-55.6092
0.143133	-55.6087
0.143134	-55.6095
0.143135	-55.6099
0.143135	-55.6096
0.143135	-55.6103
0.143138	-55.6113
0.143138	-55.6106
0.143147	-55.614
0.143309	-56.0838
0.143636	-56.9786
0.143639	-56.9804
0.14364	-56.9803
0.14364	-56.9807
0.14364	-56.9803
0.143643	-56.9818
0.143643	-56.9815
0.143643	-56.982
0.143644	-56.9819
0.143644	-56.9822
0.143644	-56.9821
0.143645	-56.9825
0.143647	-56.9836
0.143648	-56.9838
0.143648	-56.9835
0.14365	-56.9843
0.14365	-56.9844
0.143651	-56.9851
0.143653	-56.9856
0.143654	-56.9862
0.143655	-56.9867
0.143655	-56.9868
0.143656	-56.9869
0.143658	-56.9878
0.143658	-56.9879
0.143659	-56.9881
0.14366	-56.9888
0.143665	-56.9907
0.1441	-56.0477
0.144288	-55.633
0.14429	-55.6332
0.14429	-55.6329
0.144295	-55.6353
0.144295	-55.6346
0.144295	-55.6356
0.144295	-55.6348
0.144297	-55.6355
0.144297	-55.6359
0.144297	-55.6357
0.144297	-55.6347
0.144298	-55.636
0.1443	-55.6363
0.1443	-55.6372
0.1443	-55.6372
0.144301	-55.6361
0.144301	-55.6378
0.144302	-55.6375
0.144302	-55.6369
0.144303	-55.6373
0.144303	-55.6368
0.144303	-55.6385
0.144305	-55.6391
0.144305	-55.6388
0.144305	-55.638
0.144305	-55.6391
0.144306	-55.6382
0.144306	-55.6383
0.144307	-55.6386
0.144308	-55.6391
0.144308	-55.6397
0.144313	-55.6415
0.144313	-55.6416
0.144314	-55.6408
0.144322	-55.6463
0.145012	-54.0254
0.145094	-53.7986
0.145096	-53.8009
0.145098	-53.8012
0.145099	-53.8028
0.1451	-53.8019
0.145101	-53.8017
0.145102	-53.8014
0.145103	-53.8047
0.145103	-53.8053
0.145104	-53.8034
0.145104	-53.8059
0.145104	-53.8036
0.145105	-53.8069
0.145105	-53.805
0.145105	-53.8071
0.145106	-53.8049
0.145106	-53.8054
0.145107	-53.8051
0.145108	-53.8044
0.145108	-53.8072
0.145109	-53.8069
0.145109	-53.8073
0.14511	-53.8046
0.145111	-53.81
0.145111	-53.8099
0.145111	-53.8068
0.145111	-53.8087
0.145111	-53.8071
0.145111	-53.8097
0.145112	-53.8093
0.145112	-53.8053
0.145113	-53.8063
0.145113	-53.8097
0.145114	-53.8106
0.145115	-53.8095
0.145116	-53.8105
0.145117	-53.8099
0.145117	-53.8112
0.145117	-53.8075
0.145117	-53.8069
0.145118	-53.8117
0.145118	-53.8085
0.1457	-53.7454
0.146037	-53.7429
0.146046	-53.7459
0.146046	-53.7482
0.14605	-53.7487
0.14605	-53.747
0.146054	-53.7541
0.146054	-53.7545
0.146054	-53.7514
0.146054	-53.7545
0.146055	-53.75
0.146056	-53.7514
0.146056	-53.7512
0.146056	-53.7545
0.146056	-53.7501
0.146057	-53.7497
0.146057	-53.751
0.146057	-53.7494
0.146057	-53.7523
0.146058	-53.7554
0.146059	-53.7554
0.146059	-53.7546
0.14606	-53.7555
0.14606	-53.7552
0.14606	-53.7512
0.14606	-53.7508
0.14606	-53.754
0.14606	-53.7527
0.146061	-53.7573
0.146061	-53.7578
0.146061	-53.7531
0.146062	-53.7521
0.146062	-53.7555
0.146063	-53.7546
0.146063	-53.7551
0.146063	-53.7538
0.146063	-53.7555
0.146063	-53.7577
0.146063	-53.7564
0.146064	-53.7565
0.146065	-53.7557
0.146065	-53.7567
0.146066	-53.7568
0.146067	-53.7494
0.146069	-53.7607
0.146069	-53.7555
0.14607	-53.7541
0.146072	-53.7609
0.146072	-53.7583
0.146072	-53.7614
0.146076	-53.7622
0.147145	-55.4775
0.147152	-55.483
0.147153	-55.4793
0.147153	-55.4793
0.147154	-55.4801
0.147155	-55.4804
0.147155	-55.4823
0.147155	-55.4823
0.147155	-55.4848
0.147156	-55.4803
0.147156	-55.4809
0.147157	-55.4817
0.147157	-55.485
0.147157	-55.4825
0.147157	-55.4852
0.147158	-55.4845
0.147159	-55.482
0.14716	-55.4852
0.14716	-55.4822
0.147161	-55.4834
0.147162	-55.4862
0.147162	-55.484
0.147162	-55.4861
0.147162	-55.4857
0.147163	-55.4865
0.147163	-55.4858
0.147163	-55.4877
0.147163	-55.4872
0.147163	-55.485
0.147164	-55.4908
0.147164	-55.4866
0.147164	-55.4858
0.147164	-55.4867
0.147165	-55.4861
0.147165	-55.4853
0.147165	-55.4845
0.147165	-55.4836
0.147165	-55.4866
0.147165	-55.4877
0.147166	-55.4866
0.147166	-55.4856
0.147166	-55.4867
0.147166	-55.4863
0.147166	-55.484
0.147167	-55.4874
0.147167	-55.484
0.147167	-55.4845
0.147167	-55.4854
0.147168	-55.4897
0.14717	-55.4876
0.147171	-55.4869
0.147171	-55.4863
0.147171	-55.4874
0.147171	-55.4905
0.147173	-55.491
0.147175	-55.4913
0.147182	-55.4951
0.147525	-55.755
0.148383	-56.3884
0.14839	-56.3904
0.148392	-56.3921
0.148392	-56.3929
0.148393	-56.3941
0.148394	-56.3922
0.148395	-56.3948
0.148396	-56.3943
0.148396	-56.3934
0.148397	-56.3929
0.148397	-56.3943
0.148397	-56.3961
0.148398	-56.3961
0.148398	-56.3943
0.148398	-56.3959
0.148399	-56.3939
0.1484	-56.3952
0.1484	-56.3973
0.1484	-56.3955
0.148401	-56.3974
0.148401	-56.3966
0.148401	-56.3975
0.148402	-56.3974
0.148402	-56.3954
0.148402	-56.3969
0.148402	-56.3967
0.148403	-56.3974
0.148404	-56.3967
0.148404	-56.3978
0.148404	-56.398
0.148405	-56.396
0.148405	-56.3971
0.148405	-56.3967
0.148405	-56.399
0.148405	-56.3962
0.148405	-56.398
0.148405	-56.3973
0.148406	-56.3969
0.148406	-56.3975
0.148406	-56.3991
0.148406	-56.3975
0.148407	-56.3997
0.148407	-56.3984
0.148407	-56.3985
0.148407	-56.3994
0.148407	-56.3972
0.148408	-56.398
0.148408	-56.3997
0.148408	-56.3992
0.148408	-56.3993
0.148408	-56.3997
0.148408	-56.3971
0.148408	-56.3996
0.148408	-56.3989
0.148409	-56.3997
0.148409	-56.3981
0.148409	-56.4008
0.14841	-56.4006
0.14841	-56.3984
0.148411	-56.4015
0.148411	-56.3997
0.148412	-56.3996
0.148417	-56.4038
0.148436	-56.3955
0.149756	-56.2563
0.149758	-56.2578
0.14976	-56.2589
0.14976	-56.2604
0.149761	-56.2584
0.149761	-56.2597
0.149761	-56.261
0.149762	-56.2612
0.149762	-56.2611
0.149762	-56.2602
0.149764	-56.2593
0.149764	-56.2615
0.149765	-56.2603
0.149765	-56.2608
0.149766	-56.2615
0.149766	-56.2614
0.149766	-56.2629
0.149766	-56.2615
0.149766	-56.2686
0.149767	-56.2619
0.149767	-56.2626
0.149767	-56.2614
0.149767	-56.2625
0.149768	-56.2625
0.149768	-56.262
0.149768	-56.262
0.149768	-56.2613
0.149769	-56.2614
0.14977	-56.2618
0.14977	-56.2637
0.14977	-56.2619
0.149771	-56.2627
0.149771	-56.2638
0.149771	-56.2642
0.149771	-56.264
0.149771	-56.2634
0.149771	-56.2627
0.149771	-56.2621
0.149772	-56.2629
0.149773	-56.2644
0.149773	-56.2655
0.149773	-56.265
0.149773	-56.2626
0.149773	-56.2652
0.149773	-56.2644
0.149773	-56.2633
0.149774	-56.2645
0.149774	-56.2649
0.149775	-56.2635
0.149776	-56.2639
0.149776	-56.2646
0.149776	-56.2636
0.149776	-56.266
0.149776	-56.2662
0.149777	-56.2647
0.149777	-56.2651
0.149777	-56.2652
0.149777	-56.2648
0.149778	-56.2655
0.149778	-56.265
0.149778	-56.2657
0.149778	-56.2672
0.149779	-56.2666
0.149779	-56.2651
0.149779	-56.2662
0.149781	-56.268
0.149781	-56.2677
0.149784	-56.2666
0.149789	-56.2713
0.149793	-56.2726
0.150975	-55.8526
0.15123	-55.7491
0.151235	-55.75
0.151237	-55.7528
0.151237	-55.7533
0.151238	-55.75
0.151238	-55.7518
0.151238	-55.752
0.151239	-55.7528
0.151239	-55.7534
0.15124	-55.7516
0.15124	-55.7513
0.15124	-55.7519
0.151242	-55.7547
0.151242	-55.753
0.151242	-55.7528
0.151242	-55.7529
0.151243	-55.7537
0.151244	-55.7557
0.151244	-55.7529
0.151244	-55.7528
0.151245	-55.753
0.151245	-55.7552
0.151245	-55.7551
0.151245	-55.7564
0.151246	-55.7531
0.151246	-55.7556
0.151246	-55.7533
0.151246	-55.7567
0.151247	-55.7559
0.151247	-55.7535
0.151247	-55.7535
0.151247	-55.7547
0.151247	-55.7555
0.151248	-55.7551
0.151248	-55.7569
0.151249	-55.7543
0.15125	-55.7569
0.151251	-55.7561
0.151251	-55.7576
0.151251	-55.7586
0.151252	-55.7581
0.151252	-55.7558
0.151252	-55.757
0.151253	-55.7592
0.151253	-55.7559
0.151253	-55.7577
0.151254	-55.7588
0.151254	-55.7587
0.151254	-55.7561
0.151254	-55.7581
0.151254	-55.7572
0.151254	-55.7586
0.151255	-55.7597
0.151255	-55.7584
0.151256	-55.7572
0.151256	-55.7575
0.151256	-55.76
0.151256	-55.7582
0.151257	-55.7604
0.151257	-55.7588
0.151257	-55.7593
0.151257	-55.7597
0.151257	-55.7575
0.151258	-55.7605
0.151258	-55.7599
0.151258	-55.7584
0.151258	-55.7597
0.15126	-55.7607
0.151261	-55.7614
0.151261	-55.7601
0.151262	-55.761
0.151265	-55.7607
0.151266	-55.762
0.151266	-55.7613
0.151809	-55.5441
0.152813	-55.2029
0.152817	-55.2047
0.152818	-55.2024
0.152819	-55.2028
0.152821	-55.2032
0.152821	-55.2048
0.152822	-55.2054
0.152823	-55.2029
0.152824	-55.2072
0.152824	-55.2061
0.152824	-55.2063
0.152824	-55.2057
0.152825	-55.2051
0.152825	-55.2042
0.152825	-55.2059
0.152825	-55.2045
0.152825	-55.2057
0.152826	-55.2066
0.152826	-55.2079
0.152826	-55.2052
0.152826	-55.2064
0.152827	-55.2047
0.152827	-55.2058
0.152828	-55.2052
0.152828	-55.2055
0.152828	-55.205
0.152828	-55.2064
0.152828	-55.2084
0.152829	-55.207
0.152829	-55.2088
0.152829	-55.2048
0.152829	-55.2054
0.152829	-55.2083
0.15283	-55.205
0.15283	-55.2088
0.15283	-55.2054
0.15283	-55.2084
0.15283	-55.2078
0.152831	-55.2094
0.152832	-55.2093
0.152832	-55.2099
0.152833	-55.2063
0.152833	-55.2093
0.152833	-55.2103
0.152834	-55.2068
0.152834	-55.2102
0.152834	-55.2066
0.152834	-55.2087
0.152834	-55.2072
0.152834	-55.2094
0.152835	-55.2096
0.152835	-55.211
0.152835	-55.21
0.152835	-55.2084
0.152835	-55.2094
0.152836	-55.2091
0.152836	-55.2077
0.152836	-55.2083
0.152837	-55.2087
0.152837	-55.2112
0.152837	-55.2085
0.152838	-55.2116
0.152838	-55.2099
0.152838	-55.2097
0.152838	-55.209
0.152839	-55.2111
0.152839	-55.2125
0.152839	-55.2087
0.152839	-55.2108
0.15284	-55.2107
0.152841	-55.2103
0.152841	-55.2111
0.152841	-55.2126
0.152842	-55.2112
0.152843	-55.2129
0.152847	-55.214
0.152848	-55.2117
0.15285	-55.2161
0.152854	-55.2148
0.153459	-54.97
0.154477	-54.643
0.154477	-54.6432
0.15448	-54.6407
0.15448	-54.6398
0.154482	-54.6446
0.154482	-54.644
0.154483	-54.6439
0.154484	-54.6436
0.154484	-54.643
0.154485	-54.6461
0.154485	-54.6426
0.154485	-54.6449
0.154487	-54.6463
0.154487	-54.6435
0.154488	-54.6464
0.154489	-54.6443
0.154489	-54.6475
0.154489	-54.6442
0.15449	-54.6451
0.15449	-54.6479
0.15449	-54.6469
0.15449	-54.6469
0.15449	-54.6462
0.154491	-54.6465
0.154491	-54.6465
0.154491	-54.6489
0.154492	-54.6483
0.154493	-54.6468
0.154493	-54.6493
0.154493	-54.649
0.154493	-54.6449
0.154493	-54.6493
0.154494	-54.649
0.154494	-54.6486
0.154494	-54.6467
0.154495	-54.6465
0.154495	-54.6464
0.154495	-54.6473
0.154495	-54.6457
0.154496	-54.6462
0.154496	-54.6461
0.154497	-54.6481
0.154497	-54.6485
0.154497	-54.6471
0.154497	-54.6505
0.154497	-54.6497
0.154497	-54.6487
0.154498	-54.6481
0.154498	-54.6475
0.154498	-54.648
0.154498	-54.6494
0.154498	-54.6503
0.154499	-54.6502
0.154499	-54.6496
0.154499	-54.6475
0.154499	-54.6488
0.154499	-54.6493
0.1545	-54.6512
0.1545	-54.6501
0.154501	-54.6496
0.154501	-54.6519
0.154501	-54.6512
0.154501	-54.6476
0.154501	-54.6476
0.154501	-54.6488
0.154501	-54.6493
0.154502	-54.6521
0.154502	-54.6527
0.154502	-54.6484
0.154503	-54.6502
0.154503	-54.6499
0.154503	-54.6521
0.154505	-54.6503
0.154505	-54.651
0.154506	-54.6526
0.154506	-54.6499
0.154507	-54.6525
0.154507	-54.6531
0.154507	-54.6525
0.154507	-54.6511
0.154511	-54.6517
0.154516	-54.653
0.154527	-54.6576
0.155433	-54.3218
0.156215	-54.0863
0.156217	-54.087
0.156217	-54.0886
0.156219	-54.0881
0.15622	-54.0913
0.156223	-54.0913
0.156223	-54.0896
0.156223	-54.0919
0.156224	-54.0923
0.156224	-54.0913
0.156225	-54.0888
0.156225	-54.0889
0.156226	-54.0934
0.156226	-54.0934
0.156227	-54.0912
0.156227	-54.0932
0.156227	-54.0935
0.156227	-54.094
0.156227	-54.0939
0.156227	-54.0901
0.156228	-54.0938
0.156229	-54.0907
0.156229	-54.0931
0.156229	-54.0907
0.15623	-54.0924
0.15623	-54.0924
0.15623	-54.0929
0.15623	-54.0941
0.15623	-54.0931
0.156231	-54.0954
0.156231	-54.0944
0.156231	-54.0931
0.156231	-54.0936
0.156232	-54.0933
0.156232	-54.0935
0.156232	-54.0931
0.156232	-54.092
0.156233	-54.0933
0.156233	-54.092
0.156234	-54.0963
0.156234	-54.0921
0.156234	-54.0932
0.156234	-54.0929
0.156235	-54.0939
0.156235	-54.0949
0.156235	-54.0956
0.156236	-54.0947
0.156236	-54.0932
0.156236	-54.094
0.156236	-54.0964
0.156236	-54.0948
0.156237	-54.0958
0.156237	-54.0957
0.156237	-54.096
0.156237	-54.0943
0.156237	-54.0977
0.156238	-54.0944
0.156238	-54.094
0.156238	-54.0961
0.156238	-54.0969
0.156238	-54.0967
0.156239	-54.0979
0.156239	-54.0968
0.156239	-54.0969
0.156239	-54.0947
0.156239	-54.0952
0.156239	-54.0938
0.15624	-54.0956
0.15624	-54.0958
0.15624	-54.0956
0.156241	-54.0984
0.156241	-54.0982
0.156242	-54.0978
0.156242	-54.0974
0.156243	-54.095
0.156243	-54.0963
0.156243	-54.0996
0.156244	-54.0981
0.156244	-54.0988
0.156244	-54.0957
0.156245	-54.096
0.156247	-54.097
0.156248	-54.1003
0.156248	-54.0977
0.15625	-54.0984
0.156252	-54.1017
0.156988	-53.8393
0.158006	-53.527
0.158013	-53.5294
0.158021	-53.5351
0.158021	-53.5344
0.158022	-53.5326
0.158023	-53.5349
0.158023	-53.533
0.158023	-53.536
0.158024	-53.536
0.158025	-53.5332
0.158025	-53.5357
0.158026	-53.5365
0.158026	-53.5359
0.158026	-53.5368
0.158026	-53.5342
0.158026	-53.5365
0.158027	-53.5361
0.158028	-53.5348
0.158028	-53.5341
0.158028	-53.5358
0.158028	-53.5368
0.158028	-53.5351
0.158029	-53.5357
0.158029	-53.5337
0.158029	-53.5371
0.158029	-53.534
0.158029	-53.5365
0.15803	-53.5359
0.158031	-53.5362
0.158031	-53.5368
0.158031	-53.536
0.158031	-53.5363
0.158031	-53.5371
0.158032	-53.5367
0.158032	-53.5363
0.158032	-53.5384
0.158032	-53.5371
0.158032	-53.5374
0.158032	-53.5374
0.158032	-53.5364
0.158032	-53.5369
0.158033	-53.5387
0.158033	-53.5356
0.158033	-53.5385
0.158033	-53.5359
0.158033	-53.5378
0.158034	-53.5381
0.158035	-53.5378
0.158035	-53.536
0.158035	-53.5367
0.158035	-53.5368
0.158035	-53.5377
0.158035	-53.5375
0.158035	-53.538
0.158036	-53.5362
0.158036	-53.5385
0.158036	-53.5369
0.158036	-53.537
0.158036	-53.5402
0.158036	-53.5366
0.158036	-53.5395
0.158036	-53.5369
0.158037	-53.5372
0.158038	-53.5397
0.158038	-53.5395
0.158039	-53.5398
0.158039	-53.5402
0.158039	-53.5375
0.158039	-53.541
0.15804	-53.5376
0.158041	-53.5416
0.158041	-53.5396
0.158041	-53.5379
0.158041	-53.5411
0.158041	-53.5391
0.158041	-53.5393
0.158042	-53.5417
0.158042	-53.5387
0.158042	-53.541
0.158043	-53.5417
0.158043	-53.5401
0.158043	-53.5414
0.158043	-53.5425
0.158043	-53.5426
0.158045	-53.5402
0.158045	-53.5421
0.158045	-53.5433
0.158046	-53.5398
0.158048	-53.5422
0.158943	-53.2384
0.159865	-52.97
0.159866	-52.973
0.159872	-52.9746
0.159873	-52.9746
0.159873	-52.9751
0.159873	-52.9739
0.159874	-52.9738
0.159874	-52.9727
0.159874	-52.976
0.159876	-52.9751
0.159877	-52.9759
0.159877	-52.9758
0.159877	-52.974
0.159877	-52.9757
0.159877	-52.9763
0.159877	-52.9748
0.159877	-52.9745
0.15988	-52.9747
0.15988	-52.9756
0.159881	-52.9751
0.159881	-52.9756
0.159881	-52.9751
0.159882	-52.9757
0.159882	-52.9772
0.159882	-52.9777
0.159882	-52.9765
0.159884	-52.978
0.159884	-52.9764
0.159884	-52.9776
0.159884	-52.9773
0.159884	-52.979
0.159884	-52.9767
0.159885	-52.979
0.159885	-52.978
0.159885	-52.9764
0.159885	-52.9782
0.159885	-52.9788
0.159885	-52.9769
0.159886	-52.979
0.159886	-52.9778
0.159886	-52.9777
0.159886	-52.9791
0.159886	-52.9776
0.159887	-52.9782
0.159887	-52.9785
0.159887	-52.9791
0.159887	-52.9795
0.159888	-52.978
0.159888	-52.9807
0.159889	-52.9806
0.159889	-52.9785
0.15989	-52.9783
0.159891	-52.9806
0.159891	-52.9795
0.159891	-52.9808
0.159891	-52.9803
0.159891	-52.9797
0.159891	-52.9796
0.159891	-52.9802
0.159891	-52.9817
0.159892	-52.9799
0.159892	-52.9812
0.159892	-52.9803
0.159892	-52.9794
0.159892	-52.9799
0.159892	-52.9814
0.159892	-52.9805
0.159894	-52.9813
0.159894	-52.9822
0.159894	-52.9798
0.159895	-52.9812
0.159895	-52.98
0.159895	-52.9798
0.159896	-52.9816
0.159896	-52.9829
0.159897	-52.9808
0.159897	-52.983
0.159897	-52.983
0.159897	-52.9835
0.159897	-52.9816
0.159897	-52.9812
0.159897	-52.9822
0.159898	-52.9833
0.159898	-52.9821
0.159899	-52.9841
0.1599	-52.9834
0.1599	-52.9813
0.1599	-52.9829
0.159902	-52.9841
0.159902	-52.9822
0.159906	-52.9836
0.160153	-52.8689
0.16177	-52.4187
0.161771	-52.4183
0.161772	-52.4184
0.161774	-52.4196
0.161775	-52.4205
0.161775	-52.4202
0.161775	-52.4204
0.161775	-52.4201
0.161776	-52.4211
0.161776	-52.421
0.161776	-52.4203
0.161776	-52.4197
0.161776	-52.4201
0.161777	-52.4208
0.161777	-52.4203
0.161777	-52.4213
0.161778	-52.4215
0.161779	-52.4218
0.161779	-52.4213
0.161779	-52.4206
0.16178	-52.4215
0.16178	-52.4207
0.16178	-52.4214
0.16178	-52.421
0.161781	-52.4217
0.161781	-52.4209
0.161781	-52.421
0.161781	-52.4223
0.161782	-52.4214
0.161782	-52.4219
0.161782	-52.4229
0.161782	-52.4221
0.161782	-52.4225
0.161782	-52.4222
0.161783	-52.423
0.161783	-52.4217
0.161783	-52.4229
0.161784	-52.4236
0.161784	-52.4232
0.161784	-52.4224
0.161784	-52.4224
0.161784	-52.4225
0.161784	-52.4236
0.161784	-52.4227
0.161784	-52.4231
0.161784	-52.4228
0.161785	-52.4232
0.161785	-52.4224
0.161785	-52.4226
0.161785	-52.4238
0.161785	-52.4227
0.161785	-52.423
0.161785	-52.4232
0.161786	-52.4235
0.161786	-52.4229
0.161786	-52.4295
0.161787	-52.424
0.161787	-52.423
0.161787	-52.4238
0.161787	-52.4241
0.161787	-52.424
0.161788	-52.4247
0.161788	-52.425
0.161789	-52.4244
0.161789	-52.425
0.161789	-52.4237
0.161789	-52.4252
0.161789	-52.4253
0.161789	-52.4242
0.161789	-52.4251
0.16179	-52.4251
0.16179	-52.4242
0.16179	-52.4244
0.16179	-52.4244
0.161791	-52.4252
0.161791	-52.4246
0.161792	-52.425
0.161792	-52.4253
0.161793	-52.4267
0.161794	-52.4257
0.161795	-52.4255
0.161795	-52.4273
0.161795	-52.4266
0.161795	-52.4265
0.161796	-52.4272
0.161796	-52.4264
0.161797	-52.4261
0.161797	-52.4267
0.161798	-52.4268
0.161799	-52.4268
0.161799	-52.4281
0.1618	-52.428
0.161802	-52.4282
0.161802	-52.4289
0.163119	-52.0348
0.163709	-51.8634
0.16371	-51.8635
0.16371	-51.8635
0.163712	-51.8644
0.163713	-51.8645
0.163714	-51.8649
0.163714	-51.865
0.163714	-51.8651
0.163715	-51.8652
0.163716	-51.8653
0.163716	-51.8654
0.163716	-51.8656
0.163717	-51.8659
0.163717	-51.866
0.163717	-51.866
0.163719	-51.8665
0.163719	-51.8666
0.16372	-51.8668
0.16372	-51.8669
0.16372	-51.8671
0.163721	-51.8672
0.163721	-51.867
0.163721	-51.8672
0.163722	-51.8674
0.163722	-51.8673
0.163722	-51.8674
0.163722	-51.8675
0.163722	-51.8675
0.163723	-51.8677
0.163723	-51.8678
0.163723	-51.8679
0.163724	-51.8679
0.163724	-51.8677
0.163724	-51.8681
0.163724	-51.8682
0.163724	-51.868
0.163725	-51.8684
0.163725	-51.8683
0.163725	-51.8684
0.163726	-51.8686
0.163726	-51.8685
0.163726	-51.8688
0.163726	-51.8687
0.163726	-51.8688
0.163726	-51.8687
0.163726	-51.8688
0.163727	-51.8687
0.163727	-51.8692
0.163727	-51.8689
0.163727	-51.869
0.163727	-51.869
0.163728	-51.8693
0.163728	-51.8693
0.163728	-51.8693
0.163728	-51.8694
0.163728	-51.8694
0.163729	-51.8697
0.163729	-51.8696
0.163729	-51.8696
0.16373	-51.8696
0.16373	-51.8698
0.16373	-51.8699
0.16373	-51.87
0.16373	-51.87
0.16373	-51.8701
0.16373	-51.87
0.163731	-51.8701
0.163731	-51.8701
0.163732	-51.8704
0.163732	-51.8705
0.163732	-51.8707
0.163732	-51.8708
0.163733	-51.8708
0.163733	-51.8708
0.163733	-51.8708
0.163733	-51.871
0.163733	-51.8711
0.163733	-51.871
0.163733	-51.8711
0.163733	-51.8711
0.163734	-51.871
0.163734	-51.8714
0.163735	-51.8714
0.163735	-51.8715
0.163736	-51.872
0.163737	-51.872
0.163737	-51.8721
0.163737	-51.8723
0.163738	-51.8726
0.163739	-51.8727
0.163739	-51.873
0.16374	-51.8731
0.163743	-51.8741
0.163743	-51.8741
0.163743	-51.874
0.164328	-51.7121
0.165682	-51.3107
0.165686	-51.3121
0.165687	-51.3119
0.165691	-51.313
0.165692	-51.3147
0.165692	-51.3142
0.165692	-51.3143
0.165693	-51.3149
0.165693	-51.3146
0.165694	-51.3143
0.165694	-51.3147
0.165694	-51.3142
0.165694	-51.3144
0.165695	-51.3155
0.165695	-51.3152
0.165696	-51.3146
0.165696	-51.3145
0.165696	-51.3156
0.165697	-51.3156
0.165697	-51.3148
0.165697	-51.3154
0.165697	-51.3159
0.165697	-51.3164
0.165698	-51.3159
0.165699	-51.3155
0.165699	-51.3157
0.165699	-51.3159
0.165699	-51.3168
0.165699	-51.317
0.1657	-51.3159
0.1657	-51.3172
0.1657	-51.3157
0.1657	-51.3159
0.1657	-51.3164
0.1657	-51.3167
0.1657	-51.3166
0.165701	-51.3166
0.165701	-51.317
0.165702	-51.3169
0.165702	-51.3174
0.165702	-51.3171
0.165703	-51.3176
0.165703	-51.3166
0.165703	-51.3175
0.165703	-51.3178
0.165703	-51.318
0.165703	-51.3178
0.165704	-51.3179
0.165704	-51.3185
0.165704	-51.3172
0.165704	-51.3175
0.165704	-51.3185
0.165704	-51.3177
0.165704	-51.3178
0.165705	-51.3185
0.165705	-51.3183
0.165705	-51.3174
0.165705	-51.3183
0.165705	-51.3177
0.165706	-51.3182
0.165706	-51.319
0.165706	-51.3182
0.165707	-51.3193
0.165707	-51.3183
0.165707	-51.3184
0.165707	-51.3193
0.165708	-51.3193
0.165708	-51.3189
0.165708	-51.3195
0.165708	-51.3182
0.165708	-51.3186
0.165708	-51.3188
0.165708	-51.3196
0.165708	-51.3185
0.165709	-51.3186
0.165709	-51.3186
0.165709	-51.3199
0.16571	-51.3189
0.16571	-51.3189
0.16571	-51.3203
0.165711	-51.3199
0.165711	-51.3198
0.165711	-51.3204
0.165712	-51.3202
0.165713	-51.3199
0.165713	-51.32
0.165713	-51.3201
0.165715	-51.3211
0.165715	-51.3209
0.165715	-51.3213
0.165715	-51.3215
0.165716	-51.3221
0.165718	-51.3218
0.165718	-51.3223
0.165718	-51.3229
0.165723	-51.3235
0.165724	-51.3245
0.165974	-51.2657
0.167688	-50.7599
0.167698	-50.7646
0.167703	-50.7646
0.167704	-50.7663
0.167704	-50.7668
0.167704	-50.7669
0.167704	-50.7672
0.167705	-50.7655
0.167705	-50.7666
0.167706	-50.7676
0.167706	-50.7659
0.167707	-50.7673
0.167709	-50.7671
0.167709	-50.7677
0.16771	-50.7686
0.16771	-50.7677
0.167711	-50.7694
0.167711	-50.7678
0.167712	-50.7694
0.167712	-50.7677
0.167712	-50.7696
0.167712	-50.7678
0.167712	-50.7678
0.167713	-50.7676
0.167713	-50.7688
0.167713	-50.7677
0.167713	-50.7688
0.167713	-50.7679
0.167713	-50.7678
0.167713	-50.7696
0.167714	-50.77
0.167714	-50.7692
0.167714	-50.7689
0.167714	-50.7698
0.167714	-50.768
0.167714	-50.7691
0.167714	-50.7683
0.167714	-50.7678
0.167714	-50.7678
0.167714	-50.7678
0.167715	-50.7708
0.167715	-50.7705
0.167716	-50.7688
0.167716	-50.7683
0.167716	-50.7697
0.167716	-50.7711
0.167716	-50.7701
0.167717	-50.77
0.167717	-50.7698
0.167717	-50.7706
0.167717	-50.7695
0.167717	-50.7694
0.167718	-50.7703
0.167718	-50.7687
0.167718	-50.7691
0.167718	-50.7717
0.167718	-50.7701
0.167718	-50.7691
0.167719	-50.7692
0.167719	-50.771
0.167719	-50.7707
0.167719	-50.7714
0.167719	-50.7714
0.167719	-50.7701
0.16772	-50.7696
0.16772	-50.7715
0.16772	-50.7707
0.167721	-50.7725
0.167721	-50.7711
0.167722	-50.7729
0.167722	-50.7707
0.167722	-50.7719
0.167722	-50.7724
0.167722	-50.7726
0.167722	-50.7712
0.167723	-50.7726
0.167723	-50.772
0.167723	-50.7729
0.167723	-50.7731
0.167723	-50.771
0.167724	-50.7716
0.167724	-50.7726
0.167725	-50.772
0.167725	-50.7725
0.167725	-50.7729
0.167725	-50.7718
0.167726	-50.7798
0.167726	-50.7737
0.167727	-50.7743
0.167727	-50.7725
0.167728	-50.7738
0.167728	-50.7722
0.167728	-50.7728
0.167729	-50.7734
0.167729	-50.7733
0.16773	-50.7739
0.167734	-50.7762
0.167734	-50.7757
0.167745	-50.7797
0.168294	-50.6525
0.169739	-50.2187
0.169741	-50.2212
0.169747	-50.2218
0.169747	-50.223
0.169748	-50.2223
0.169749	-50.2205
0.16975	-50.2209
0.16975	-50.2238
0.16975	-50.222
0.169752	-50.2214
0.169752	-50.2237
0.169753	-50.2243
0.169753	-50.2237
0.169753	-50.2211
0.169753	-50.2248
0.169754	-50.2243
0.169754	-50.2214
0.169755	-50.2228
0.169755	-50.2226
0.169755	-50.2235
0.169759	-50.2242
0.169759	-50.225
0.169759	-50.225
0.16976	-50.2262
0.16976	-50.223
0.16976	-50.2256
0.16976	-50.2239
0.16976	-50.2253
0.169761	-50.2233
0.169761	-50.2269
0.169761	-50.2238
0.169761	-50.2251
0.169761	-50.225
0.169762	-50.2242
0.169762	-50.2252
0.169762	-50.2247
0.169762	-50.2256
0.169762	-50.2243
0.169763	-50.2252
0.169763	-50.2263
0.169763	-50.2275
0.169763	-50.2262
0.169764	-50.2246
0.169764	-50.2275
0.169764	-50.226
0.169764	-50.2256
0.169765	-50.2264
0.169765	-50.2261
0.169765	-50.2282
0.169765	-50.2268
0.169765	-50.2245
0.169765	-50.2251
0.169765	-50.2273
0.169766	-50.2278
0.169766	-50.2273
0.169766	-50.2267
0.169766	-50.2258
0.169766	-50.2259
0.169766	-50.226
0.169766	-50.2271
0.169766	-50.2286
0.169766	-50.2253
0.169767	-50.2286
0.169767	-50.2256
0.169767	-50.2267
0.169767	-50.2257
0.169768	-50.2285
0.169768	-50.2275
0.169768	-50.2261
0.169768	-50.2271
0.169768	-50.2259
0.169769	-50.2293
0.169769	-50.2288
0.169769	-50.2292
0.169769	-50.2277
0.169769	-50.2266
0.169769	-50.2283
0.169769	-50.2295
0.16977	-50.2288
0.16977	-50.2287
0.16977	-50.2287
0.169771	-50.2296
0.169771	-50.2277
0.169771	-50.2286
0.169771	-50.2291
0.169772	-50.2265
0.169772	-50.2294
0.169773	-50.2272
0.169774	-50.2289
0.169775	-50.2306
0.169775	-50.2288
0.169777	-50.2282
0.169777	-50.2296
0.169777	-50.2298
0.169777	-50.2294
0.169778	-50.2313
0.169779	-50.2296
0.169779	-50.2296
0.16978	-50.2319
0.169783	-50.2299
0.169783	-50.2303
0.171452	-49.8182
0.171822	-49.6749
0.171824	-49.6756
0.171827	-49.6734
0.171827	-49.675
0.171828	-49.6739
0.17183	-49.6782
0.171831	-49.6781
0.171831	-49.6754
0.171831	-49.678
0.171831	-49.6749
0.171832	-49.6763
0.171832	-49.675
0.171832	-49.6776
0.171832	-49.6761
0.171833	-49.6789
0.171833	-49.679
0.171833	-49.6763
0.171834	-49.6767
0.171834	-49.6796
0.171834	-49.6761
0.171835	-49.6792
0.171835	-49.679
0.171835	-49.6765
0.171835	-49.6794
0.171836	-49.6799
0.171836	-49.679
0.171836	-49.6779
0.171836	-49.6767
0.171836	-49.6797
0.171836	-49.6791
0.171836	-49.6765
0.171837	-49.6787
0.171837	-49.6786
0.171837	-49.6779
0.171838	-49.6789
0.171838	-49.6792
0.171838	-49.6759
0.171838	-49.6776
0.171839	-49.6777
0.171839	-49.6812
0.171839	-49.6788
0.171839	-49.6806
0.171839	-49.6788
0.171839	-49.6788
0.171839	-49.6784
0.171839	-49.6774
0.171841	-49.6781
0.171841	-49.6776
0.171841	-49.6806
0.171841	-49.6815
0.171842	-49.6776
0.171842	-49.6777
0.171842	-49.678
0.171842	-49.6816
0.171843	-49.678
0.171843	-49.6808
0.171844	-49.6808
0.171844	-49.6807
0.171844	-49.6801
0.171845	-49.6806
0.171845	-49.6804
0.171845	-49.6794
0.171846	-49.6809
0.171846	-49.6821
0.171846	-49.6791
0.171847	-49.6801
0.171847	-49.6812
0.171847	-49.6823
0.171847	-49.6805
0.171848	-49.6835
0.171848	-49.6834
0.171848	-49.68
0.171848	-49.682
0.171849	-49.6817
0.17185	-49.6821
0.17185	-49.6815
0.17185	-49.6836
0.171851	-49.6837
0.171851	-49.6846
0.171852	-49.6832
0.171852	-49.6842
0.171852	-49.683
0.171852	-49.6822
0.171852	-49.6841
0.171852	-49.6812
0.171853	-49.6821
0.171853	-49.6826
0.171853	-49.683
0.171853	-49.6852
0.171854	-49.682
0.171854	-49.6833
0.171855	-49.6821
0.171855	-49.6836
0.171855	-49.6834
0.171856	-49.6849
0.171857	-49.6846
0.171857	-49.6862
0.171858	-49.6834
0.171858	-49.6855
0.171859	-49.6839
0.171859	-49.6854
0.171862	-49.688
0.173581	-49.2656
0.17393	-49.1332
0.173933	-49.1347
0.173933	-49.1344
0.173935	-49.1328
0.173938	-49.1366
0.173938	-49.1333
0.173939	-49.1355
0.17394	-49.1353
0.17394	-49.1357
0.17394	-49.1365
0.17394	-49.1338
0.17394	-49.1359
0.17394	-49.1343
0.173941	-49.1347
0.173941	-49.1363
0.173943	-49.1373
0.173943	-49.1353
0.173944	-49.1364
0.173944	-49.138
0.173944	-49.1377
0.173944	-49.1353
0.173945	-49.1353
0.173945	-49.1384
0.173945	-49.1365
0.173946	-49.136
0.173946	-49.1372
0.173946	-49.1388
0.173946	-49.1375
0.173947	-49.1395
0.173947	-49.1367
0.173947	-49.1355
0.173947	-49.1366
0.173948	-49.1395
0.173948	-49.1391
0.173948	-49.1372
0.173949	-49.1363
0.173949	-49.1359
0.173949	-49.1398
0.173949	-49.1365
0.173949	-49.1358
0.173949	-49.1376
0.173949	-49.1394
0.17395	-49.1372
0.17395	-49.1361
0.17395	-49.1368
0.17395	-49.1372
0.17395	-49.1394
0.17395	-49.139
0.17395	-49.1367
0.17395	-49.1382
0.173951	-49.1376
0.173951	-49.1385
0.173952	-49.139
0.173952	-49.1381
0.173952	-49.1397
0.173952	-49.1384
0.173953	-49.1389
0.173953	-49.1405
0.173953	-49.1393
0.173953	-49.1412
0.173953	-49.1414
0.173953	-49.1379
0.173954	-49.1414
0.173954	-49.1388
0.173954	-49.1389
0.173954	-49.1391
0.173954	-49.1417
0.173955	-49.1388
0.173955	-49.1406
0.173955	-49.1382
0.173955	-49.1412
0.173955	-49.1379
0.173955	-49.1404
0.173955	-49.1415
0.173956	-49.1415
0.173956	-49.1383
0.173956	-49.1413
0.173956	-49.1389
0.173956	-49.1409
0.173957	-49.1414
0.173957	-49.1393
0.173957	-49.138
0.173957	-49.1402
0.173957	-49.1416
0.173958	-49.1412
0.173958	-49.1415
0.173958	-49.1391
0.173958	-49.1412
0.173959	-49.1385
0.173959	-49.1387
0.17396	-49.1412
0.173961	-49.1431
0.173961	-49.1413
0.173961	-49.1424
0.173962	-49.1423
0.173963	-49.1441
0.173964	-49.1418
0.173964	-49.1404
0.173965	-49.1442
0.173965	-49.1405
0.173968	-49.1431
0.17397	-49.1421
0.17398	-49.1446
0.174932	-48.9257
0.176063	-48.5817
0.176063	-48.5811
0.176066	-48.5843
0.176066	-48.5841
0.176067	-48.5829
0.176068	-48.5853
0.176069	-48.5861
0.176071	-48.5844
0.176071	-48.5844
0.176072	-48.5856
0.176072	-48.5873
0.176072	-48.5866
0.176072	-48.5869
0.176073	-48.5872
0.176073	-48.5844
0.176073	-48.5842
0.176075	-48.5857
0.176075	-48.5868
0.176076	-48.5851
0.176076	-48.5851
0.176076	-48.5844
0.176076	-48.5858
0.176077	-48.5851
0.176077	-48.5883
0.176078	-48.5851
0.176079	-48.5863
0.176079	-48.5892
0.176079	-48.5875
0.17608	-48.5862
0.17608	-48.5892
0.17608	-48.5873
0.17608	-48.5887
0.17608	-48.5862
0.17608	-48.5888
0.176081	-48.588
0.176081	-48.5885
0.176081	-48.5869
0.176081	-48.5876
0.176081	-48.5875
0.176082	-48.5898
0.176082	-48.5903
0.176083	-48.5876
0.176084	-48.5907
0.176084	-48.5871
0.176084	-48.5883
0.176084	-48.5909
0.176084	-48.5912
0.176084	-48.5869
0.176084	-48.5877
0.176085	-48.5885
0.176085	-48.5907
0.176085	-48.5891
0.176086	-48.5895
0.176086	-48.5872
0.176086	-48.5892
0.176086	-48.5901
0.176087	-48.59
0.176087	-48.5896
0.176087	-48.5884
0.176087	-48.5903
0.176087	-48.5878
0.176087	-48.5912
0.176088	-48.5904
0.176089	-48.5905
0.176089	-48.5894
0.176089	-48.5903
0.176089	-48.5894
0.176089	-48.5919
0.17609	-48.5917
0.17609	-48.5913
0.17609	-48.5894
0.17609	-48.5917
0.17609	-48.5917
0.17609	-48.5924
0.17609	-48.5926
0.176092	-48.5892
0.176093	-48.5932
0.176093	-48.5905
0.176093	-48.5922
0.176093	-48.5909
0.176093	-48.5935
0.176094	-48.5926
0.176094	-48.5937
0.176094	-48.5938
0.176094	-48.5936
0.176094	-48.5909
0.176095	-48.5907
0.176095	-48.5931
0.176096	-48.5913
0.176096	-48.5926
0.176097	-48.5905
0.176097	-48.5908
0.176098	-48.5809
0.176099	-48.5935
0.176099	-48.5942
0.1761	-48.593
0.176101	-48.5918
0.176102	-48.5935
0.176102	-48.5915
0.176103	-48.5937
0.176103	-48.5958
0.176103	-48.5948
0.176104	-48.5952
0.176104	-48.5928
0.176107	-48.593
0.177955	-48.128
0.17822	-48.0321
0.178222	-48.0326
0.178222	-48.032
0.178223	-48.0351
0.178224	-48.0347
0.178227	-48.0337
0.178227	-48.0362
0.178228	-48.0338
0.178229	-48.0344
0.178229	-48.0364
0.178229	-48.0353
0.178231	-48.0361
0.178231	-48.0377
0.178232	-48.0367
0.178232	-48.0332
0.178232	-48.0339
0.178233	-48.0367
0.178233	-48.035
0.178233	-48.0377
0.178234	-48.0355
0.178234	-48.0374
0.178234	-48.0352
0.178234	-48.0341
0.178234	-48.0347
0.178234	-48.0367
0.178234	-48.0341
0.178234	-48.0373
0.178235	-48.0355
0.178235	-48.0378
0.178235	-48.0364
0.178235	-48.0382
0.178236	-48.0355
0.178236	-48.0371
0.178236	-48.0368
0.178236	-48.0381
0.178237	-48.0359
0.178237	-48.0372
0.178237	-48.0346
0.178237	-48.0346
0.178237	-48.0379
0.178237	-48.0352
0.178238	-48.0367
0.178238	-48.0375
0.178238	-48.0371
0.178239	-48.0382
0.178239	-48.0353
0.178239	-48.0374
0.178239	-48.0363
0.178239	-48.0359
0.178239	-48.0384
0.178239	-48.0355
0.17824	-48.0371
0.17824	-48.0392
0.17824	-48.0379
0.17824	-48.0377
0.17824	-48.0391
0.17824	-48.0377
0.178241	-48.0388
0.178241	-48.0385
0.178242	-48.0376
0.178242	-48.0385
0.178242	-48.037
0.178243	-48.0364
0.178243	-48.0361
0.178243	-48.0405
0.178243	-48.0401
0.178243	-48.0366
0.178243	-48.037
0.178244	-48.0397
0.178244	-48.0404
0.178244	-48.0383
0.178244	-48.0403
0.178244	-48.0377
0.178244	-48.0409
0.178245	-48.0397
0.178245	-48.0369
0.178245	-48.0407
0.178246	-48.037
0.178246	-48.0396
0.178246	-48.0405
0.178246	-48.038
0.178246	-48.0384
0.178247	-48.0386
0.178247	-48.0378
0.178248	-48.0382
0.178248	-48.0403
0.178248	-48.0411
0.178248	-48.0395
0.178248	-48.0403
0.178249	-48.0406
0.178249	-48.041
0.178251	-48.0406
0.178252	-48.0397
0.178252	-48.0393
0.178253	-48.0395
0.178253	-48.0404
0.178254	-48.0392
0.178256	-48.0412
0.178257	-48.0409
0.178258	-48.0414
0.17826	-48.0419
0.17826	-48.0447
0.178261	-48.042
0.178262	-48.0433
0.178267	-48.0471
0.179188	-47.8168
0.180385	-47.4641
0.18039	-47.467
0.180392	-47.4678
0.180392	-47.4689
0.180393	-47.4667
0.180394	-47.4663
0.180394	-47.4685
0.180395	-47.47
0.180395	-47.4687
0.180395	-47.4691
0.180395	-47.47
0.180396	-47.4697
0.180397	-47.4674
0.180398	-47.4714
0.180398	-47.47
0.180398	-47.4704
0.180399	-47.4693
0.180401	-47.4696
0.180401	-47.4685
0.180402	-47.4688
0.180402	-47.4683
0.180403	-47.4718
0.180403	-47.4725
0.180403	-47.471
0.180404	-47.4695
0.180404	-47.4693
0.180404	-47.4722
0.180404	-47.4729
0.180404	-47.472
0.180404	-47.4718
0.180404	-47.47
0.180405	-47.4727
0.180405	-47.4728
0.180405	-47.4719
0.180405	-47.4696
0.180405	-47.4711
0.180405	-47.47
0.180405	-47.4695
0.180406	-47.4727
0.180407	-47.4699
0.180407	-47.4734
0.180407	-47.471
0.180408	-47.4704
0.180408	-47.4743
0.180408	-47.4737
0.180409	-47.4717
0.180409	-47.4722
0.180409	-47.4715
0.180409	-47.4725
0.180409	-47.4715
0.180409	-47.471
0.180409	-47.4728
0.18041	-47.4711
0.18041	-47.4715
0.180411	-47.4723
0.180411	-47.4729
0.180411	-47.4748
0.180411	-47.4733
0.180411	-47.474
0.180411	-47.4731
0.180412	-47.4731
0.180412	-47.4743
0.180413	-47.4745
0.180413	-47.4733
0.180413	-47.4752
0.180414	-47.4751
0.180414	-47.4746
0.180414	-47.4713
0.180414	-47.4719
0.180414	-47.4753
0.180414	-47.4736
0.180415	-47.4739
0.180415	-47.4747
0.180415	-47.4718
0.180415	-47.4751
0.180415	-47.4737
0.180415	-47.4733
0.180415	-47.4718
0.180415	-47.472
0.180415	-47.4733
0.180416	-47.4745
0.180417	-47.476
0.180417	-47.4738
0.180418	-47.4765
0.180418	-47.4749
0.180418	-47.4736
0.180418	-47.4727
0.180418	-47.4744
0.180418	-47.4737
0.180418	-47.4733
0.180419	-47.4726
0.180419	-47.4755
0.18042	-47.4747
0.18042	-47.4741
0.18042	-47.4765
0.180422	-47.4774
0.180422	-47.4734
0.180422	-47.4744
0.180423	-47.4766
0.180424	-47.4753
0.180424	-47.4754
0.180424	-47.4771
0.180425	-47.4752
0.180425	-47.4771
0.180426	-47.4755
0.180429	-47.4772
0.181619	-47.1992
0.182555	-46.9284
0.182559	-46.9299
0.18256	-46.9293
0.18256	-46.9298
0.182562	-46.9304
0.182564	-46.9304
0.182565	-46.9316
0.182566	-46.9315
0.182566	-46.9284
0.182566	-46.929
0.182569	-46.9312
0.182569	-46.9303
0.182569	-46.932
0.18257	-46.9331
0.18257	-46.9327
0.18257	-46.9296
0.182571	-46.9309
0.182572	-46.9309
0.182572	-46.9299
0.182573	-46.9315
0.182573	-46.9306
0.182573	-46.9317
0.182573	-46.9301
0.182574	-46.9321
0.182574	-46.9325
0.182574	-46.932
0.182574	-46.9331
0.182574	-46.933
0.182574	-46.9305
0.182575	-46.932
0.182575	-46.9305
0.182575	-46.9317
0.182576	-46.9333
0.182576	-46.9336
0.182577	-46.9344
0.182577	-46.9333
0.182577	-46.933
0.182577	-46.9333
0.182578	-46.9319
0.182578	-46.9324
0.182578	-46.9308
0.182578	-46.9342
0.182578	-46.9343
0.182578	-46.9352
0.182578	-46.9338
0.182578	-46.9333
0.182579	-46.9335
0.182579	-46.9341
0.18258	-46.9328
0.18258	-46.9324
0.182581	-46.9343
0.182581	-46.9329
0.182581	-46.9359
0.182581	-46.9327
0.182582	-46.9333
0.182582	-46.9349
0.182582	-46.9356
0.182582	-46.9334
0.182582	-46.9333
0.182582	-46.9345
0.182582	-46.9333
0.182583	-46.9341
0.182583	-46.9333
0.182584	-46.9355
0.182584	-46.9356
0.182584	-46.9359
0.182585	-46.937
0.182585	-46.9334
0.182585	-46.9363
0.182585	-46.9345
0.182585	-46.9332
0.182585	-46.937
0.182585	-46.9347
0.182586	-46.935
0.182586	-46.9357
0.182586	-46.9355
0.182587	-46.9351
0.182587	-46.9341
0.182588	-46.9346
0.182588	-46.9355
0.182589	-46.9372
0.182589	-46.9362
0.182589	-46.9377
0.182589	-46.9353
0.182589	-46.9348
0.18259	-46.9352
0.18259	-46.9363
0.182591	-46.9379
0.182591	-46.9356
0.182592	-46.9367
0.182593	-46.9355
0.182593	-46.9382
0.182593	-46.9378
0.182593	-46.9365
0.182593	-46.9367
0.182593	-46.9385
0.182594	-46.9375
0.182594	-46.9356
0.182594	-46.9388
0.182594	-46.9379
0.182595	-46.9396
0.182596	-46.9397
0.182599	-46.94
0.182601	-46.9383
0.182601	-46.9374
0.182607	-46.9389
0.184382	-46.5755
0.184716	-46.5093
0.184722	-46.5108
0.184723	-46.5115
0.184725	-46.5117
0.184726	-46.5113
0.184726	-46.5107
0.184727	-46.5114
0.184729	-46.5128
0.18473	-46.5111
0.18473	-46.5134
0.18473	-46.5132
0.184731	-46.5128
0.184731	-46.5138
0.184732	-46.512
0.184733	-46.5138
0.184733	-46.5131
0.184733	-46.5131
0.184733	-46.5133
0.184733	-46.5136
0.184734	-46.5128
0.184734	-46.5131
0.184734	-46.5129
0.184734	-46.513
0.184735	-46.5131
0.184735	-46.5128
0.184735	-46.5144
0.184735	-46.5139
0.184735	-46.5133
0.184735	-46.5126
0.184736	-46.5133
0.184736	-46.5127
0.184737	-46.5151
0.184737	-46.5142
0.184737	-46.5148
0.184737	-46.5154
0.184737	-46.5148
0.184737	-46.5136
0.184738	-46.5131
0.184738	-46.5144
0.184738	-46.5136
0.184739	-46.5143
0.184739	-46.5132
0.184739	-46.5146
0.184739	-46.5137
0.184739	-46.5155
0.184739	-46.5139
0.184739	-46.5137
0.18474	-46.5148
0.18474	-46.5157
0.184741	-46.5162
0.184741	-46.5145
0.184741	-46.5148
0.184741	-46.515
0.184741	-46.5154
0.184741	-46.5158
0.184742	-46.5145
0.184742	-46.5143
0.184742	-46.516
0.184742	-46.5142
0.184742	-46.5159
0.184742	-46.5147
0.184742	-46.5143
0.184742	-46.5142
0.184742	-46.5141
0.184742	-46.5141
0.184743	-46.5159
0.184743	-46.5167
0.184743	-46.5143
0.184743	-46.5147
0.184744	-46.5159
0.184744	-46.5158
0.184744	-46.5155
0.184744	-46.5168
0.184744	-46.5145
0.184745	-46.5169
0.184745	-46.5153
0.184745	-46.5157
0.184746	-46.5153
0.184746	-46.5157
0.184746	-46.5166
0.184746	-46.5167
0.184747	-46.5152
0.184747	-46.5154
0.184747	-46.5171
0.184747	-46.5155
0.184748	-46.5165
0.184748	-46.5171
0.184748	-46.517
0.184748	-46.5173
0.184749	-46.5178
0.18475	-46.518
0.18475	-46.5186
0.184751	-46.5172
0.184753	-46.5186
0.184753	-46.5176
0.184754	-46.5174
0.184754	-46.5184
0.184755	-46.5179
0.184755	-46.5195
0.184755	-46.5174
0.184756	-46.5194
0.184757	-46.5192
0.184759	-46.5185
0.184774	-46.5245
0.184959	-46.4674
0.186846	-46.2201
0.186849	-46.2208
0.18685	-46.2219
0.186853	-46.2223
0.186856	-46.2225
0.186856	-46.2226
0.186856	-46.2233
0.186857	-46.2234
0.186858	-46.2239
0.186859	-46.2236
0.186859	-46.2232
0.186861	-46.2243
0.186861	-46.2238
0.186861	-46.2241
0.186861	-46.2241
0.186862	-46.2241
0.186862	-46.2243
0.186862	-46.2249
0.186862	-46.2244
0.186863	-46.2245
0.186863	-46.2252
0.186864	-46.2254
0.186865	-46.2247
0.186865	-46.2255
0.186865	-46.2251
0.186865	-46.2247
0.186866	-46.2249
0.186867	-46.2255
0.186867	-46.2249
0.186867	-46.2258
0.186867	-46.2259
0.186867	-46.2251
0.186867	-46.2259
0.186867	-46.2258
0.186868	-46.2257
0.186868	-46.2259
0.186869	-46.2257
0.186869	-46.2261
0.186869	-46.226
0.186869	-46.2258
0.18687	-46.2264
0.18687	-46.2266
0.18687	-46.2261
0.186871	-46.2265
0.186871	-46.2262
0.186871	-46.2266
0.186871	-46.2265
0.186871	-46.2269
0.186871	-46.2266
0.186871	-46.2271
0.186871	-46.2262
0.186872	-46.2272
0.186872	-46.2269
0.186872	-46.2271
0.186873	-46.2266
0.186873	-46.2265
0.186873	-46.2275
0.186873	-46.2271
0.186873	-46.2266
0.186873	-46.2267
0.186874	-46.2276
0.186874	-46.2273
0.186874	-46.2272
0.186874	-46.227
0.186874	-46.227
0.186875	-46.2279
0.186875	-46.2274
0.186876	-46.2277
0.186876	-46.2282
0.186876	-46.2278
0.186876	-46.2319
0.186877	-46.2277
0.186877	-46.2283
0.186877	-46.2277
0.186877	-46.2283
0.186879	-46.2282
0.186879	-46.2282
0.186879	-46.2286
0.18688	-46.2289
0.18688	-46.2287
0.186882	-46.2293
0.186882	-46.2289
0.186882	-46.2291
0.186884	-46.2303
0.186885	-46.2303
0.186885	-46.2302
0.186885	-46.2304
0.186886	-46.2303
0.186886	-46.2305
0.186886	-46.2304
0.186886	-46.2301
0.186886	-46.2297
0.186886	-46.2309
0.186886	-46.2303
0.186886	-46.2306
0.186887	-46.2309
0.186887	-46.2308
0.186888	-46.2308
0.186889	-46.2315
0.186889	-46.2312
0.186892	-46.2319
0.186895	-46.2321
0.186898	-46.2333
0.187559	-45.8486
0.188912	-44.941
0.188919	-44.9443
0.188925	-44.9438
0.188925	-44.946
0.188929	-44.946
0.18893	-44.947
0.188932	-44.9461
0.188934	-44.9458
0.188934	-44.947
0.188935	-44.9478
0.188935	-44.948
0.188935	-44.9487
0.188936	-44.9467
0.188938	-44.9473
0.188938	-44.9471
0.188938	-44.9493
0.188938	-44.9474
0.188938	-44.9482
0.188938	-44.947
0.188939	-44.949
0.188939	-44.9486
0.188939	-44.9475
0.188939	-44.9483
0.18894	-44.9475
0.18894	-44.9482
0.18894	-44.9487
0.188941	-44.9476
0.188941	-44.9489
0.188943	-44.9489
0.188943	-44.9498
0.188943	-44.9494
0.188943	-44.9501
0.188943	-44.949
0.188943	-44.9503
0.188944	-44.9502
0.188944	-44.9497
0.188945	-44.9511
0.188945	-44.9507
0.188946	-44.9492
0.188946	-44.9496
0.188947	-44.9498
0.188947	-44.9505
0.188947	-44.9505
0.188949	-44.9506
0.18895	-44.9512
0.18895	-44.9523
0.18895	-44.9525
0.18895	-44.9517
0.18895	-44.9518
0.188951	-44.9523
0.188951	-44.9519
0.188951	-44.9515
0.188952	-44.9509
0.188952	-44.9521
0.188952	-44.9506
0.188953	-44.9517
0.188953	-44.9516
0.188953	-44.9515
0.188954	-44.9524
0.188954	-44.9515
0.188954	-44.9517
0.188954	-44.9526
0.188955	-44.9508
0.188955	-44.9529
0.188955	-44.9525
0.188955	-44.9517
0.188956	-44.9515
0.188956	-44.9519
0.188956	-44.9535
0.188956	-44.9525
0.188956	-44.9532
0.188957	-44.9516
0.188958	-44.9525
0.188958	-44.9523
0.188958	-44.9527
0.188959	-44.9541
0.188959	-44.9527
0.188959	-44.9543
0.188959	-44.9541
0.188959	-44.954
0.18896	-44.9522
0.18896	-44.9547
0.18896	-44.9529
0.18896	-44.9541
0.188961	-44.9546
0.188961	-44.9533
0.188962	-44.9552
0.188962	-44.9539
0.188962	-44.9542
0.188962	-44.954
0.188963	-44.953
0.188963	-44.9554
0.188965	-44.956
0.188967	-44.9563
0.188968	-44.9543
0.188969	-44.9554
0.18897	-44.9546
0.188977	-44.9585
0.188978	-44.957
0.188979	-44.9569
0.190363	-43.244
0.190925	-42.4172
0.190929	-42.4164
0.190931	-42.411
0.190931	-42.4184
0.190932	-42.4142
0.190932	-42.4175
0.190934	-42.417
0.190935	-42.4187
0.190936	-42.4212
0.190936	-42.4163
0.190936	-42.417
0.190937	-42.4129
0.190938	-42.4169
0.190939	-42.4188
0.19094	-42.4159
0.190941	-42.4145
0.190942	-42.4169
0.190942	-42.4187
0.190943	-42.418
0.190943	-42.4183
0.190943	-42.4148
0.190943	-42.4214
0.190944	-42.4177
0.190944	-42.4216
0.190944	-42.416
0.190945	-42.4177
0.190945	-42.4191
0.190945	-42.4188
0.190945	-42.4186
0.190945	-42.4168
0.190946	-42.4233
0.190946	-42.4159
0.190946	-42.4224
0.190946	-42.416
0.190947	-42.4228
0.190947	-42.4168
0.190948	-42.4226
0.190948	-42.4195
0.190948	-42.4214
0.190948	-42.4145
0.190948	-42.4177
0.190948	-42.4238
0.190948	-42.4224
0.190948	-42.4175
0.190949	-42.4159
0.190949	-42.4183
0.190949	-42.4234
0.190949	-42.4178
0.19095	-42.4246
0.19095	-42.4163
0.19095	-42.4191
0.190951	-42.4214
0.190951	-42.4214
0.190951	-42.4244
0.190951	-42.4175
0.190951	-42.4171
0.190952	-42.4243
0.190952	-42.4224
0.190952	-42.4216
0.190952	-42.4178
0.190952	-42.4245
0.190952	-42.4166
0.190953	-42.421
0.190953	-42.4244
0.190954	-42.422
0.190955	-42.4237
0.190956	-42.4181
0.190956	-42.4196
0.190956	-42.4201
0.190956	-42.4232
0.190956	-42.4205
0.190957	-42.4243
0.190957	-42.425
0.190957	-42.4235
0.190958	-42.4254
0.190959	-42.4178
0.190959	-42.4187
0.19096	-42.4207
0.190961	-42.4187
0.190961	-42.4261
0.190962	-42.4224
0.190962	-42.4216
0.190962	-42.4199
0.190963	-42.4208
0.190963	-42.4252
0.190964	-42.4241
0.190966	-42.4227
0.190966	-42.4252
0.190966	-42.4275
0.190968	-42.4224
0.190969	-42.4259
0.190969	-42.4251
0.19097	-42.4292
0.190971	-42.4224
0.190978	-42.4309
0.191965	-41.9037
0.192821	-41.5016
0.192822	-41.4997
0.192825	-41.5036
0.192827	-41.5092
0.192831	-41.5076
0.192831	-41.501
0.192832	-41.5026
0.192832	-41.5119
0.192832	-41.5104
0.192832	-41.5031
0.192833	-41.5053
0.192833	-41.5114
0.192834	-41.5073
0.192835	-41.5087
0.192835	-41.5025
0.192836	-41.5108
0.192837	-41.5126
0.192838	-41.5068
0.192838	-41.5089
0.192838	-41.5112
0.192838	-41.5083
0.192839	-41.5067
0.192839	-41.5038
0.19284	-41.5059
0.19284	-41.5032
0.19284	-41.5073
0.19284	-41.5107
0.192842	-41.512
0.192842	-41.5082
0.192842	-41.5097
0.192842	-41.5054
0.192843	-41.5104
0.192843	-41.51
0.192843	-41.5138
0.192843	-41.5078
0.192844	-41.5061
0.192844	-41.5081
0.192844	-41.5048
0.192844	-41.5068
0.192844	-41.5129
0.192845	-41.5078
0.192846	-41.511
0.192846	-41.5128
0.192846	-41.5122
0.192846	-41.5069
0.192846	-41.5076
0.192846	-41.5135
0.192847	-41.5096
0.192847	-41.5081
0.192847	-41.5085
0.192847	-41.5106
0.192847	-41.5075
0.192847	-41.5123
0.192848	-41.5132
0.192848	-41.5125
0.192848	-41.5127
0.192849	-41.5115
0.192849	-41.5154
0.192849	-41.5149
0.192849	-41.5057
0.192849	-41.5057
0.19285	-41.5062
0.19285	-41.5094
0.19285	-41.5074
0.19285	-41.5062
0.192851	-41.5144
0.192852	-41.5128
0.192852	-41.513
0.192853	-41.5089
0.192854	-41.513
0.192854	-41.5125
0.192854	-41.5154
0.192855	-41.5116
0.192855	-41.5155
0.192855	-41.5116
0.192856	-41.5143
0.192856	-41.5096
0.192856	-41.5082
0.192856	-41.5083
0.192856	-41.5091
0.192857	-41.5082
0.19286	-41.5127
0.192862	-41.517
0.192863	-41.513
0.192863	-41.5124
0.192864	-41.51
0.192866	-41.5087
0.192866	-41.5184
0.192869	-41.5188
0.193303	-41.6258
0.194588	-41.9466
0.194591	-41.9458
0.194593	-41.9473
0.194594	-41.9449
0.194595	-41.9445
0.194595	-41.95
0.194595	-41.9507
0.194596	-41.9448
0.194597	-41.95
0.194597	-41.9443
0.194597	-41.9453
0.194597	-41.9515
0.194598	-41.9515
0.194598	-41.9489
0.194599	-41.946
0.1946	-41.9503
0.1946	-41.9522
0.1946	-41.9502
0.1946	-41.9489
0.1946	-41.9448
0.1946	-41.9511
0.194601	-41.9471
0.194602	-41.9508
0.194603	-41.9454
0.194603	-41.947
0.194603	-41.9519
0.194604	-41.9473
0.194604	-41.9501
0.194605	-41.9531
0.194605	-41.9515
0.194606	-41.9489
0.194606	-41.9477
0.194606	-41.9499
0.194606	-41.9508
0.194606	-41.9524
0.194607	-41.9545
0.194607	-41.9487
0.194608	-41.9498
0.194608	-41.9528
0.194608	-41.9504
0.194608	-41.9542
0.194608	-41.9507
0.194608	-41.9487
0.194608	-41.9498
0.194609	-41.9479
0.194609	-41.952
0.194609	-41.9536
0.19461	-41.9469
0.19461	-41.9539
0.19461	-41.9502
0.194611	-41.949
0.194611	-41.9536
0.194612	-41.9522
0.194612	-41.9516
0.194612	-41.9506
0.194613	-41.9546
0.194614	-41.9501
0.194614	-41.9559
0.194614	-41.9498
0.194614	-41.953
0.194614	-41.9509
0.194615	-41.9478
0.194615	-41.9531
0.194615	-41.9559
0.194616	-41.9486
0.194617	-41.9554
0.194617	-41.9511
0.194619	-41.9542
0.194619	-41.9491
0.19462	-41.9526
0.19462	-41.9525
0.194621	-41.9536
0.194621	-41.9558
0.194622	-41.9543
0.194623	-41.9515
0.194624	-41.9523
0.194624	-41.9507
0.194624	-41.9508
0.194624	-41.9563
0.194624	-41.95
0.194629	-41.9517
0.19463	-41.9587
0.195012	-41.8042
0.196187	-41.2955
0.196187	-41.3022
0.19619	-41.3025
0.196191	-41.3033
0.196192	-41.3027
0.196193	-41.3029
0.196195	-41.2954
0.196195	-41.296
0.196196	-41.3025
0.196197	-41.3031
0.196198	-41.3014
0.196198	-41.2969
0.196199	-41.2991
0.196199	-41.3046
0.196199	-41.3033
0.1962	-41.3035
0.1962	-41.3005
0.196201	-41.297
0.196201	-41.2996
0.196201	-41.2998
0.196201	-41.2985
0.196203	-41.3063
0.196203	-41.3008
0.196203	-41.3044
0.196204	-41.2987
0.196204	-41.3003
0.196204	-41.2983
0.196205	-41.3041
0.196206	-41.3031
0.196206	-41.3062
0.196206	-41.3028
0.196207	-41.3007
0.196207	-41.3025
0.196207	-41.3023
0.196208	-41.3066
0.196208	-41.3029
0.196208	-41.3004
0.196208	-41.2998
0.196208	-41.3005
0.196208	-41.3063
0.196208	-41.3056
0.196209	-41.2986
0.19621	-41.3025
0.19621	-41.305
0.196211	-41.3018
0.196212	-41.302
0.196212	-41.3033
0.196213	-41.3038
0.196213	-41.307
0.196213	-41.3037
0.196214	-41.3009
0.196214	-41.3056
0.196214	-41.3049
0.196215	-41.3006
0.196215	-41.3067
0.196215	-41.3058
0.196215	-41.3051
0.196216	-41.3013
0.196216	-41.3034
0.196216	-41.3059
0.196217	-41.3051
0.196217	-41.3018
0.19622	-41.3012
0.19622	-41.3033
0.19622	-41.3073
0.196221	-41.3054
0.196222	-41.3073
0.196222	-41.3029
0.196223	-41.3052
0.196224	-41.3073
0.196225	-41.303
0.196225	-41.3025
0.196225	-41.3072
0.196226	-41.3086
0.197269	-40.0512
0.197596	-39.6777
0.197608	-39.6772
0.19761	-39.6797
0.197612	-39.6791
0.197613	-39.6782
0.197614	-39.6854
0.197615	-39.6835
0.197615	-39.6853
0.197615	-39.6816
0.197616	-39.6846
0.197617	-39.6792
0.197617	-39.6819
0.197618	-39.6768
0.197618	-39.6788
0.197619	-39.6783
0.19762	-39.6847
0.19762	-39.684
0.197622	-39.6794
0.197622	-39.6778
0.197622	-39.681
0.197622	-39.6824
0.197622	-39.6848
0.197623	-39.6819
0.197624	-39.6837
0.197624	-39.6792
0.197624	-39.6825
0.197625	-39.6798
0.197625	-39.6838
0.197625	-39.6841
0.197625	-39.6863
0.197626	-39.6807
0.197626	-39.6852
0.197626	-39.6864
0.197627	-39.6866
0.197627	-39.6845
0.197627	-39.6805
0.197628	-39.6844
0.197628	-39.6781
0.197629	-39.6822
0.197629	-39.6798
0.197629	-39.6823
0.197631	-39.6813
0.197631	-39.6811
0.197632	-39.686
0.197632	-39.6841
0.197632	-39.6796
0.197633	-39.6789
0.197633	-39.6845
0.197634	-39.6828
0.197634	-39.6838
0.197634	-39.6828
0.197634	-39.6799
0.197637	-39.6847
0.197638	-39.6882
0.197639	-39.6892
0.197639	-39.6889
0.19764	-39.6885
0.19764	-39.6822
0.197643	-39.6814
0.197643	-39.6816
0.197644	-39.6809
0.197644	-39.6815
0.197648	-39.6894
0.197654	-39.6865
0.198581	-38.9605
0.198819	-38.7848
0.198824	-38.7946
0.198828	-38.793
0.198828	-38.7941
0.198828	-38.7886
0.198831	-38.7869
0.198832	-38.7918
0.198834	-38.7873
0.198836	-38.792
0.198837	-38.7964
0.198839	-38.796
0.19884	-38.7915
0.198841	-38.7949
0.198841	-38.79
0.198842	-38.7934
0.198842	-38.7903
0.198842	-38.7943
0.198843	-38.793
0.198843	-38.795
0.198843	-38.7968
0.198844	-38.7929
0.198844	-38.7923
0.198845	-38.7945
0.198846	-38.7943
0.198846	-38.7971
0.198846	-38.7966
0.198847	-38.7955
0.198848	-38.7973
0.198848	-38.7966
0.198849	-38.7982
0.198849	-38.792
0.198849	-38.7981
0.19885	-38.7934
0.198852	-38.796
0.198852	-38.7968
0.198852	-38.7921
0.198852	-38.7942
0.198853	-38.7917
0.198853	-38.7935
0.198853	-38.7929
0.198853	-38.8
0.198853	-38.7968
0.198854	-38.7999
0.198855	-38.7986
0.198855	-38.7944
0.198855	-38.796
0.198856	-38.7953
0.198859	-38.7928
0.198859	-38.7995
0.19886	-38.7974
0.198862	-38.8005
0.198862	-38.7951
0.198864	-38.7927
0.198867	-38.7973
0.199752	-38.647
0.199829	-38.6457
0.199831	-38.6407
0.199832	-38.6451
0.199835	-38.6419
0.199838	-38.6442
0.199841	-38.6457
0.199845	-38.6484
0.199846	-38.6441
0.199848	-38.645
0.199848	-38.6471
0.199848	-38.645
0.19985	-38.6478
0.19985	-38.6502
0.19985	-38.6472
0.19985	-38.6461
0.199851	-38.649
0.199851	-38.6509
0.199852	-38.6486
0.199852	-38.6468
0.199853	-38.6448
0.199853	-38.6449
0.199853	-38.6476
0.199855	-38.6499
0.199855	-38.6506
0.199856	-38.6493
0.199856	-38.6509
0.199856	-38.6484
0.199856	-38.6468
0.199858	-38.6478
0.199861	-38.6497
0.199861	-38.6502
0.199861	-38.6519
0.199861	-38.6484
0.199865	-38.6502
0.199866	-38.6499
0.199866	-38.6509
0.199867	-38.6482
0.199867	-38.6525
0.199869	-38.6494
0.19987	-38.6538
0.199875	-38.6492
0.199882	-38.6516
0.199887	-38.6565
0.200019	-38.6192
0.200644	-38.5085
0.200649	-38.5111
0.200653	-38.5122
0.200654	-38.5088
0.200655	-38.5086
0.200656	-38.5125
0.200656	-38.5109
0.200658	-38.5111
0.200659	-38.5117
0.20066	-38.5139
0.20066	-38.5138
0.200661	-38.5097
0.200662	-38.512
0.200664	-38.5141
0.200666	-38.5137
0.200667	-38.5155
0.200667	-38.5148
0.200667	-38.5135
0.200668	-38.511
0.200668	-38.5132
0.200669	-38.5148
0.200669	-38.5123
0.20067	-38.5127
0.200671	-38.5135
0.200671	-38.5164
0.200673	-38.5127
0.200674	-38.5161
0.200674	-38.5129
0.200674	-38.5126
0.200677	-38.5137
0.20068	-38.5167
0.20068	-38.5146
0.200687	-38.5149
0.200693	-38.518
0.200868	-38.4754
0.201264	-38.3718
0.201264	-38.3686
0.201267	-38.3695
0.201268	-38.3703
0.201269	-38.3716
0.201273	-38.3718
0.201275	-38.3728
0.201277	-38.3719
0.201279	-38.3746
0.201279	-38.373
0.201281	-38.3718
0.201282	-38.3742
0.201284	-38.3739
0.201285	-38.3753
0.201287	-38.375
0.201288	-38.3767
0.20129	-38.3772
0.201291	-38.3738
0.201292	-38.3772
0.201293	-38.3767
0.201301	-38.3783
0.201307	-38.376
0.201308	-38.3802
0.201312	-38.379
0.201319	-38.3798
0.201416	-38.3891
0.201723	-38.4147
0.201723	-38.415
0.201725	-38.4139
0.20173	-38.415
0.201732	-38.416
0.201734	-38.4166
0.201735	-38.4161
0.201738	-38.4182
0.201738	-38.4178
0.201739	-38.4173
0.201739	-38.4187
0.201742	-38.4186
0.201744	-38.4191
0.201746	-38.4184
0.201746	-38.4198
0.201748	-38.4203
0.201752	-38.4205
0.201755	-38.4196
0.202023	-38.4868
0.202024	-38.4892
0.202027	-38.4892
0.202042	-38.4936
0.20205	-38.4948
0.202051	-38.4947
0.202051	-38.4949
0.202055	-38.4943
0.202059	-38.4962
0.202069	-38.498
0.202075	-38.4988
0.202076	-38.4985
0.202168	-38.4106
0.202232	-38.3348
0.202247	-38.3372
0.202247	-38.338
0.202251	-38.3382
0.202253	-38.3391
0.202256	-38.3398
0.202269	-38.3417
0.202346	-37.9985
0.202369	-37.9188
0.202373	-37.9195
0.202405	-37.9256
0.202425	-37.7955
0.202427	-37.4519
0.202456	-37.4579
0.202484	-36.999
0.202499	-37.1832
0.202536	-36.743
0.202562	-36.5305
0.202563	-36.2761
0.202587	-35.9128
0.202591	-35.5532
0.202617	-35.6681
0.202652	-34.6195
0.202676	-34.624
0.202683	-34.3207
0.202717	-33.1178
0.202722	-33.1184
0.202731	-32.5245
0.202766	-29.986
0.202782	-31.1209
0.202798	-31.1234
0.20283	-28.2462
0.202843	-28.2484
0.202869	-26.0894
0.202875	-23.8292
0.202905	-17.8186
0.202914	-23.8336
0.202954	-15.58
0.202979	-9.89109
0.202983	-3.59076
