152	1
140.9880522913746	1.835513847570906	-18.70809029062777
140.9929322230615	1.405236997078347	-19.02478803159916
140.996929504455	0.9136163434622281	-19.2338955243511
140.999423890126	0.3870308807906161	-19.32422766733602
140.9999487712017	-0.1464070938982008	-19.29322493924428
140.9984681642303	-0.6572466887026734	-19.1359463383282
140.995238005174	-1.158841298014518	-18.94854798353142
140.9902496408001	-1.658421421569599	-18.75589494619556
140.9835381017969	-2.154641131841506	-18.55478773907676
140.9751183027231	-2.648681772345377	-18.34843759749518
140.9650210325292	-3.140372566282458	-18.13662554922118
140.9532787649306	-3.629304299556001	-17.91860643172529
140.9399234057392	-4.115337133579826	-17.69428695342945
140.9249899445056	-4.598327741873478	-17.46358877086806
140.9085160258677	-5.078131291920878	-17.2264349392468
140.890545788128	-5.554384133652322	-16.98233870149994
140.8711434877775	-6.026459385333235	-16.73036589443899
140.8503829297921	-6.493682307664246	-16.46961398468331
140.8283451488185	-6.9553425885408	-16.19924050111951
140.805121752413	-7.410654249519235	-15.91840772444669
140.7808660430455	-7.858059961595376	-15.62523716571814
140.7557159404094	-8.296428023471343	-15.3187946612607
140.7298040597053	-8.724914264813073	-14.99874287535178
140.7032739494468	-9.142715927012265	-14.6649149874228
140.6762741561896	-9.549087275210571	-14.31730013421018
140.6489391599357	-9.942950763442928	-13.95560715772686
140.621478580175	-10.32314389445227	-13.57958261571287
140.5941256211833	-10.68846853977211	-13.18909489683798
140.5671175095728	-11.03760543839156	-12.78404908199639
140.540697983346	-11.36911033365975	-12.3644184532208
140.5151182961107	-11.6814240957366	-11.93027110605674
140.4906373886201	-11.97288763410367	-11.48180288273905
140.4675209995929	-12.24176443896191	-11.01937730932764
140.4460385026874	-12.4862841567556	-10.54355156758629
140.426460501085	-12.70469750273186	-10.05511658582929
140.4090386210096	-12.89588996292332	-9.555317051504691
140.3939253780305	-13.05946535258462	-9.04573753589095
140.3812971284758	-13.19450436121096	-8.527801808573477
140.3713881117545	-13.29941725282053	-8.002883229705168
140.3644686501839	-13.37222262532471	-7.472513665006898
140.3603055774604	-13.415983253912	-6.93890846135397
140.3586646721676	-13.43322863581211	-6.403770733339608
140.3594767954472	-13.42468893472305	-5.868419724559186
140.362740571241	-13.39038200309235	-5.334112250036696
140.3684971819712	-13.329888114624	-4.802153772023721
140.3765198531664	-13.24547201093928	-4.273482565170731
140.3866519475467	-13.13812662785323	-3.749022775019081
140.398778308256	-13.00831178392419	-3.229708610870937
140.4127657984623	-12.85666645673805	-2.716391146132553
140.4284670383555	-12.68398250031967	-2.209810520132511
140.4457240241347	-12.49117828313158	-1.710591333127356
140.4643723176129	-12.27926398299995	-1.219226069184987
140.4842443791769	-12.04931381907718	-0.7360838225030377
140.5051728633239	-11.80243602660831	-0.2614118440897338
140.5270003628	-11.53939865253474	0.2044573269030005
140.5495862237507	-11.25981391604729	0.6605521807986804
140.5727494205409	-10.96525471750636	1.107098092514165
140.5963277781652	-10.65722173576938	1.544441010007604
140.6201775318851	-10.33689325695619	1.972846656715215
140.6441667422813	-10.00518327778983	2.392498064537703
140.6681689103384	-9.662791737538896	2.803479012836932
140.6920580426584	-9.310225669723989	3.205773757850766
140.7157025098802	-8.947822182840659	3.59924424456758
140.738958626015	-8.575751701821252	3.983609823432429
140.7616444732877	-8.194389790308751	4.358797842085911
140.7836058606458	-7.805291638655691	4.72600324359657
140.804819112603	-7.409379123327843	5.085899351581292
140.8252576512155	-7.007315438479719	5.438957385479478
140.844884731317	-6.599606895568866	5.785528485690345
140.8636521332446	-6.186633594539251	6.12586085913466
140.8814977821577	-5.768677221263683	6.460103071180454
140.8983430540715	-5.345926746207002	6.78831260415782
140.9140882267976	-4.918487558765888	7.110449413316442
140.9286059059243	-4.48638482971059	7.426361812459659
140.9418272189586	-4.049864856006185	7.736201973701775
140.9537952190412	-3.609439523430843	8.040518006372196
140.964470531637	-3.165268816908453	8.339387902605211
140.9738145028204	-2.717507379720599	8.632897844468022
140.9817902944523	-2.266313045277872	8.921143911187713
140.9883630360403	-1.81184205831215	9.204234152307308
140.9934997913281	-1.354253691620271	9.4822845986563
140.9971696962251	-0.8937015561015972	9.755423521035151
140.9993438764365	-0.430340311322409	10.02378617435619
140.9999954880514	0.0356774542760674	10.2875177354213
140.9990994070845	0.5040406396965023	10.54705834964085
140.9966332339783	0.9745330727838542	10.80271250524661
140.9925762426698	1.447071987723493	11.05454026136851
140.9869086125712	1.921580313384069	11.30260870863712
140.9796115094849	2.397976917787669	11.5469864816402
140.970667009776	2.876184196733915	11.78774750034082
140.9600581814616	3.356122575862014	12.02496787479585
140.9477689379124	3.837717469058506	12.25872910996692
140.933784261925	4.320889484506884	12.48911303575376
140.9180899531695	4.805564504532065	12.71620647228001
140.9006727393835	5.291668530932331	12.94009844681932
140.88152026492	5.779128103557405	13.1608801742442
140.8606210690005	6.267870747083528	13.37864503611243
140.837964433619	6.757827931787446	13.59348964114169
140.8135407249841	7.248927232983606	13.80551014841578
140.7873409150589	7.741102385381198	14.01480646306506
140.7593568738649	8.234290241765262	14.22147319416108
140.729579714451	8.728461681135638	14.42552419254813
140.6979976651876	9.223600680017839	14.62693844965741
140.6645991091504	9.719692239153318	14.8257001323206
140.6293733279617	10.21671794249755	15.02179320828651
140.5923101839394	10.71466099715386	15.21520349082731
140.5534003272188	11.21350333461399	15.40591748617983
140.5126353591603	11.71322397021006	15.59392181529672
140.470007457004	12.21380370597121	15.7792069141066
140.4255199063233	12.71505217243098	15.96223518347414
140.379183347544	13.21675510924286	16.14355268026732
140.3310043435388	13.71880703992382	16.32341866184678
140.280989648885	14.22110390627372	16.50209334135492
140.229145869326	14.72354606701427	16.67983879495579
140.1754800353352	15.22603228643072	16.85691669280866
140.1199992287971	15.72846332715177	17.0335894622494
140.062710533252	16.23074208101453	17.21012022250786
140.0036125789442	16.73285325206528	17.38653111209602
139.9426743746081	17.23506174133785	17.56203822371934
139.8798929201428	17.73737082021923	17.73660242803751
139.8152686195269	18.23975369730393	17.91027967182859
139.7488021514143	18.74218331797669	18.08312601060765
139.6804944700218	19.24463239710138	18.25519760007226
139.6103469639525	19.7470723305768	18.42655030517614
139.5383607100277	20.24947850881945	18.59724148795763
139.4645376095985	20.75182219209391	18.76732721507288
139.3888790895647	21.25407953276653	18.93686530017595
139.3113875171504	21.7562219443696	19.10591202092017
139.2320649553376	22.25822443901534	19.2745249153741
139.1509138865762	22.76006080216636	19.4427611313816
139.0679367421362	23.26170654773941	19.6106783984934
138.9831367568427	23.76313373736492	19.77833327285548
138.8965167121277	24.26431854857694	19.94578364961093
138.8080797955404	24.76523603486592	20.11308698856895
138.7178250025878	25.26588502808374	20.28021938154656
138.625724100697	25.76641225177639	20.44670787592387
138.5317792682481	26.26680099185171	20.6125821884061
138.4359995779027	26.76699856655577	20.77798381370874
138.3383942338602	27.26695282047638	20.94305452702968
138.2389727224733	27.76661132840077	21.10793607125738
138.1377446203553	28.26592236180292	21.27277042737767
138.0347198148926	28.76483377270886	21.4376993978228
137.9299079486096	29.26329565582415	21.60286544047704
137.8233111619933	29.76129925355865	21.76826971815184
137.7148987287105	30.25899343007346	21.93342397381766
137.604622731624	30.75658584997436	22.09764817589659
137.4925402373946	31.25381787550895	22.26174402811951
137.379031449754	31.74904920662449	22.43080706913904
137.2643954988052	32.24107279578979	22.60828678542404
137.1476527620094	32.73387592653324	22.78215374121351
137.0270851558691	33.23518225996242	22.92342975799913
136.9229506376983	33.66163377892477	22.6698850207393
