12.1211
14.7457
17.4732
20.0314
20.9981
21.6613
21.7993
21.785
21.7487
21.7042
21.6386
21.6018
21.5616
21.4989
21.4998
21.4884
21.5097
21.5096
21.507
21.5256
21.5682
21.6158
21.6762
21.6352
21.6029
21.5626
21.5638
21.577
21.5942
21.6448
21.6804
21.7177
21.7033
21.717
21.7463
21.7858
21.8365
21.9064
21.9441
21.9656
21.9575
21.9787
22.0291
22.0753
22.0964
22.0594
21.9812
21.958
22.0055
22.0234
22.0001
22.0165
22.0869
22.109
22.0703
22.0857
22.1944
22.2507
22.2625
22.2872
22.351
22.4191
22.4824
22.5378
22.583
22.6003
22.5586
22.5509
22.596
22.6713
22.6996
22.7143
22.6934
22.6815
22.7398
22.872
22.9958
23.1361
23.1696
23.1451
23.0696
22.8469
22.395
21.4773
20.9037
20.4185
19.627
18.9776
18.6716
18.7287
18.48
18.191
18.7409
19.3461
20.2861
20.6654
20.8733
21.1556
19.0224
13.5595