6.7354
7.4072
5.6921
3.66416
2.62644
1.76295
1.40202
1.32349
1.23102
1.11241
1.04315
1.01301
1.00025
0.99663
0.992827
0.984366
0.965804
0.955301
0.951575
0.96682
0.977822
0.97336
0.964818
0.977221
0.981085
0.959481
0.924561
0.891731
0.853858
0.802198
0.769732
0.766359
0.776413
0.765287
0.739613
0.739024
0.747095
0.749558
0.747239
0.746279
0.75119
0.767352
0.790259
0.792517
0.782511
0.79432
0.826512
0.838775
0.834892
0.834867
0.837164
0.814573
0.772474
0.748215
0.754011
0.745071
0.712705
0.696061
0.693683
0.690805
0.682055
0.675784
0.679437
0.691177
0.708957
0.724358
0.724758
0.725377
0.73437
0.742137
0.740894
0.740778
0.760465
0.775673
0.778695
0.798744
0.864177
0.989806
1.34697
1.72797
2.38474
3.45573
4.60886
6.55653
7.43277
8.09842
9.11412
9.86547
10.1778
9.98461
9.80779
9.57283
8.32894
7.34335
5.82345
4.61615
3.91545
2.89709
3.21373
3.61238