822844
253052
104764
28470.8
16786.7
11742.2
9729.51
9309.01
8834.25
8239.07
7862.34
7668.63
7552.18
7483.48
7444.75
7408.28
7345.21
7302.64
7284.47
7344.11
7353.9
7265.64
7147.5
7199.75
7243.33
7207.58
7146.84
7118.89
7077.1
6900.47
6789.74
6859.15
6983.69
6945.57
6800.91
6813.46
6873.64
6870.47
6818.29
6762.71
6736.05
6796.3
6901.29
6851.19
6707
6708.34
6853.47
6879.16
6808.32
6809.9
6873.13
6808.36
6634.52
6594.21
6750.82
6773.58
6611.31
6565.44
6631.49
6663.94
6580.55
6497.65
6459.24
6485.31
6560.19
6616.82
6572.11
6544.26
6614.1
6658.78
6587.37
6520.56
6688.55
6804.51
6760.88
6688.24
6821.45
7064.12
7381.48
7632.66
7959.42
8507.9
9285.02
10688.2
11161.4
11556.5
12372
13192.6
13727.4
14351.4
14871
15411.7
15711
15776.3
15972.6
17577.5
20670.8
32942.6
180588
944072