0.14239
0.142913
0.143482
0.144191
0.144735
0.145283
0.14601
0.146574
0.147123
0.147814
0.148431
0.148992
0.149606
0.150245
0.150848
0.151418
0.152114
0.152677
0.153242
0.153918
0.154523
0.155089
0.155749
0.156366
0.156923
0.157545
0.158191
0.158751
0.159379
0.160027
0.160573
0.161218
0.161833
0.162401
0.163046
0.163646
0.164227
0.164882
0.165451
0.166058
0.166713
0.167293
0.167914
0.168541
0.169124
0.169761
0.17038
0.170965
0.171608
0.172202
0.172813
0.173439
0.174028
0.174655
0.175264
0.175843
0.176493
0.17708
0.177663
0.178321
0.178897
0.179498
0.180152
0.180732
0.181331
0.181975
0.182564
0.183176
0.183766
0.184385
0.184989
0.185593
0.18624
0.186817
0.187415
0.188075
0.188628
0.18925
0.189929
0.19045
0.191078
0.191742
0.192258
0.192933
0.193567
0.194077
0.194792
0.195383
0.195892
0.196663
0.197181
0.197735
0.198507
0.198992
0.19963
0.200316
0.200813
0.201605
0.202027
0.202694