0.610313
0.415297
0.482981
0.536233
0.548769
0.568917
0.521296
0.511368
0.513273
0.538798
0.573557
0.591209
0.585874
0.566295
0.55274
0.552182
0.550161
0.554854
0.55116
0.534274
0.549838
0.564755
0.562741
0.548501
0.538559
0.531326
0.525894
0.519181
0.508703
0.523258
0.53429
0.501511
0.455082
0.454197
0.475229
0.463701
0.441882
0.426853
0.409156
0.397999
0.389118
0.379073
0.368237
0.3549
0.335812
0.324347
0.316286
0.313663
0.309536
0.288636
0.253076
0.238081
0.238729
0.2221
0.190281
0.169036
0.166992
0.152243
0.119136
0.0934072
0.0738015
0.0713559
0.0740221
0.0516271
0.00784321
-0.0270487
-0.0251097
-0.0218094
-0.038875
-0.0567648
-0.0831461
-0.117725
-0.156809
-0.173717
-0.159756
-0.133426
-0.151698
-0.190918
-0.236385
-0.24437
-0.205401
-0.142914
-0.155357
-0.238771
-0.193589
-0.145478
-0.0872042
-0.0525559
-0.0243033
0.0898055
0.108988
0.0991626
0.138864
0.161734
0.183829
0.0247415
-0.0702693
-0.229316
-0.294262
-0.553508