-38.8447
-43.036
-49.241
-53.3692
-54.4125
-54.9335
-55.0488
-55.0613
-55.0822
-55.1008
-55.0516
-54.9629
-54.8301
-54.6423
-54.4501
-54.2485
-54.0016
-53.852
-53.6769
-53.4664
-53.3013
-53.1823
-53.0412
-52.8386
-52.6381
-52.4334
-52.2418
-52.0575
-51.872
-51.705
-51.5564
-51.3008
-51.0714
-50.9385
-50.8114
-50.6182
-50.4102
-50.1943
-50.0413
-49.8564
-49.6386
-49.4492
-49.2437
-49.0939
-48.9867
-48.8302
-48.6268
-48.4834
-48.3691
-48.2095
-48.0107
-47.849
-47.7417
-47.5693
-47.3428
-47.1723
-47.0404
-46.9028
-46.736
-46.5505
-46.3923
-46.2488
-46.1274
-45.9522
-45.7319
-45.4974
-45.3528
-45.2012
-45.0079
-44.8167
-44.7169
-44.617
-44.396
-44.1978
-44.038
-43.8529
-43.6341
-43.339
-42.9192
-42.5791
-42.1154
-41.4232
-40.4978
-38.8605
-38.0933
-37.5307
-36.7026
-36.0805
-35.7806
-35.8851
-35.6392
-35.3381
-35.4022
-35.6104
-35.9117
-35.7191
-35.6529
-35.6107
-33.4158
-26.5767