629	1
140.032372	-23.557055	5.592640
140.044139	-23.487000	5.592640
140.055871	-23.416940	5.592640
140.067568	-23.346873	5.592640
140.079229	-23.276801	5.592640
140.090856	-23.206723	5.592640
140.102448	-23.136639	5.592640
140.114005	-23.066550	5.592640
140.125526	-22.996454	5.592640
140.137013	-22.926353	5.592640
140.148464	-22.856246	5.592640
140.159881	-22.786133	5.592640
140.171262	-22.716015	5.592640
140.182608	-22.645891	5.592640
140.193919	-22.575761	5.592640
140.205195	-22.505626	5.592640
140.216436	-22.435485	5.592640
140.227642	-22.365339	5.592640
140.238813	-22.295186	5.592640
140.249949	-22.225029	5.592640
140.261049	-22.154865	5.592640
140.272115	-22.084696	5.592640
140.283145	-22.014522	5.592640
140.294140	-21.944342	5.592640
140.305101	-21.874157	5.592640
140.316026	-21.803966	5.592640
140.326916	-21.733770	5.592640
140.337771	-21.663568	5.592640
140.348590	-21.593361	5.592640
140.359375	-21.523148	5.592640
140.370124	-21.452930	5.592640
140.380839	-21.382707	5.592640
140.391518	-21.312478	5.592640
140.402162	-21.242244	5.592640
140.412771	-21.172005	5.592640
140.423345	-21.101760	5.592640
140.433883	-21.031510	5.592640
140.444387	-20.961255	5.592640
140.454855	-20.890994	5.592640
140.465288	-20.820729	5.592640
140.475686	-20.750458	5.592640
140.486049	-20.680182	5.592640
140.496377	-20.609901	5.592640
140.506670	-20.539614	5.592640
140.516927	-20.469323	5.592640
140.527149	-20.399026	5.592640
140.537337	-20.328724	5.592640
140.547489	-20.258417	5.592640
140.557605	-20.188105	5.592640
140.567687	-20.117789	5.592640
140.577733	-20.047466	5.592640
140.587744	-19.977139	5.592640
140.597721	-19.906807	5.592640
140.607661	-19.836470	5.592640
140.617567	-19.766128	5.592640
140.627438	-19.695782	5.592640
140.637273	-19.625430	5.592640
140.647073	-19.555073	5.592640
140.656838	-19.484711	5.592640
140.666568	-19.414345	5.592640
140.676262	-19.343973	5.592640
140.685921	-19.273597	5.592640
140.695545	-19.203216	5.592640
140.705134	-19.132830	5.592640
140.714688	-19.062440	5.592640
140.724206	-18.992044	5.592640
140.733690	-18.921644	5.592640
140.743138	-18.851239	5.592640
140.752550	-18.780830	5.592640
140.761928	-18.710415	5.592640
140.771270	-18.639996	5.592640
140.780577	-18.569573	5.592640
140.789849	-18.499144	5.592640
140.799086	-18.428711	5.592640
140.808287	-18.358274	5.592640
140.817454	-18.287832	5.592640
140.826584	-18.217385	5.592640
140.835680	-18.146934	5.592640
140.844741	-18.076478	5.592640
140.853766	-18.006017	5.592640
140.862756	-17.935553	5.592640
140.871710	-17.865083	5.592640
140.880630	-17.794609	5.592640
140.889514	-17.724131	5.592640
140.898363	-17.653648	5.592640
140.907177	-17.583161	5.592640
140.915955	-17.512670	5.592640
140.924698	-17.442174	5.592640
140.933406	-17.371674	5.592640
140.942079	-17.301169	5.592640
140.950716	-17.230660	5.592640
140.959318	-17.160147	5.592640
140.967885	-17.089629	5.592640
140.976416	-17.019107	5.592640
140.984913	-16.948581	5.592640
140.993374	-16.878051	5.592640
141.001799	-16.807516	5.592640
141.010190	-16.736978	5.592640
141.018545	-16.666435	5.592640
141.026865	-16.595888	5.592640
141.035149	-16.525336	5.592640
141.043398	-16.454781	5.592640
141.051612	-16.384221	5.592640
141.059791	-16.313658	5.592640
141.067934	-16.243090	5.592640
141.076042	-16.172518	5.592640
141.084115	-16.101943	5.592640
141.092152	-16.031363	5.592640
141.100154	-15.960779	5.592640
141.108121	-15.890191	5.592640
141.116053	-15.819599	5.592640
141.123949	-15.749003	5.592640
141.131810	-15.678404	5.592640
141.139635	-15.607800	5.592640
141.147425	-15.537192	5.592640
141.155180	-15.466581	5.592640
141.162900	-15.395966	5.592640
141.170584	-15.325346	5.592640
141.178233	-15.254723	5.592640
141.185846	-15.184097	5.592640
141.193425	-15.113466	5.592640
141.200967	-15.042832	5.592640
141.208475	-14.972193	5.592640
141.215947	-14.901551	5.592640
141.223384	-14.830906	5.592640
141.230786	-14.760256	5.592640
141.238152	-14.689603	5.592640
141.245483	-14.618947	5.592640
141.252778	-14.548286	5.592640
141.260038	-14.477622	5.592640
141.267263	-14.406955	5.592640
141.274453	-14.336283	5.592640
141.281607	-14.265608	5.592640
141.288726	-14.194930	5.592640
141.295809	-14.124248	5.592640
141.302857	-14.053563	5.592640
141.309870	-13.982874	5.592640
141.316847	-13.912181	5.592640
141.323789	-13.841485	5.592640
141.330695	-13.770786	5.592640
141.337567	-13.700083	5.592640
141.344402	-13.629376	5.592640
141.351203	-13.558667	5.592640
141.357968	-13.487953	5.592640
141.364698	-13.417237	5.592640
141.371392	-13.346517	5.592640
141.378051	-13.275794	5.592640
141.384675	-13.205067	5.592640
141.391263	-13.134337	5.592640
141.397816	-13.063604	5.592640
141.404333	-12.992868	5.592640
141.410815	-12.922128	5.592640
141.417262	-12.851385	5.592640
141.423673	-12.780639	5.592640
141.430049	-12.709890	5.592640
141.436389	-12.639138	5.592640
141.442694	-12.568382	5.592640
141.448964	-12.497623	5.592640
141.455198	-12.426861	5.592640
141.461397	-12.356096	5.592640
141.467561	-12.285328	5.592640
141.473689	-12.214557	5.592640
141.479781	-12.143783	5.592640
141.485839	-12.073005	5.592640
141.491861	-12.002225	5.592640
141.497847	-11.931442	5.592640
141.503798	-11.860655	5.592640
141.509714	-11.789866	5.592640
141.515594	-11.719074	5.592640
141.521439	-11.648279	5.592640
141.527248	-11.577481	5.592640
141.533022	-11.506680	5.592640
141.538761	-11.435876	5.592640
141.544464	-11.365069	5.592640
141.550131	-11.294260	5.592640
141.555764	-11.223447	5.592640
141.561361	-11.152632	5.592640
141.566922	-11.081814	5.592640
141.572448	-11.010993	5.592640
141.577939	-10.940170	5.592640
141.583394	-10.869344	5.592640
141.588813	-10.798515	5.592640
141.594198	-10.727683	5.592640
141.599547	-10.656849	5.592640
141.604860	-10.586012	5.592640
141.610138	-10.515172	5.592640
141.615380	-10.444330	5.592640
141.620588	-10.373485	5.592640
141.625759	-10.302637	5.592640
141.630895	-10.231787	5.592640
141.635996	-10.160935	5.592640
141.641061	-10.090079	5.592640
141.646091	-10.019222	5.592640
141.651086	-9.948361	5.592640
141.656045	-9.877499	5.592640
141.660968	-9.806634	5.592640
141.665856	-9.735766	5.592640
141.670709	-9.664896	5.592640
141.675526	-9.594023	5.592640
141.680308	-9.523148	5.592640
141.685054	-9.452271	5.592640
141.689765	-9.381392	5.592640
141.694440	-9.310510	5.592640
141.699080	-9.239625	5.592640
141.703685	-9.168739	5.592640
141.708254	-9.097850	5.592640
141.712787	-9.026958	5.592640
141.717285	-8.956065	5.592640
141.721748	-8.885169	5.592640
141.726175	-8.814271	5.592640
141.730566	-8.743371	5.592640
141.734923	-8.672469	5.592640
141.739243	-8.601564	5.592640
141.743529	-8.530658	5.592640
141.747778	-8.459749	5.592640
141.751993	-8.388838	5.592640
141.756171	-8.317925	5.592640
141.760315	-8.247010	5.592640
141.764423	-8.176093	5.592640
141.768495	-8.105174	5.592640
141.772532	-8.034253	5.592640
141.776533	-7.963329	5.592640
141.780499	-7.892404	5.592640
141.784430	-7.821477	5.592640
141.788325	-7.750548	5.592640
141.792184	-7.679617	5.592640
141.796008	-7.608684	5.592640
141.799797	-7.537749	5.592640
141.803550	-7.466812	5.592640
141.807267	-7.395873	5.592640
141.810949	-7.324933	5.592640
141.814596	-7.253990	5.592640
141.818207	-7.183046	5.592640
141.821783	-7.112100	5.592640
141.825323	-7.041153	5.592640
141.828827	-6.970203	5.592640
141.832296	-6.899252	5.592640
141.835730	-6.828299	5.592640
141.839128	-6.757344	5.592640
141.842491	-6.686388	5.592640
141.845818	-6.615430	5.592640
141.849110	-6.544470	5.592640
141.852366	-6.473509	5.592640
141.855586	-6.402546	5.592640
141.858772	-6.331581	5.592640
141.861921	-6.260615	5.592640
141.865035	-6.189647	5.592640
141.868114	-6.118678	5.592640
141.871157	-6.047707	5.592640
141.874165	-5.976735	5.592640
141.877137	-5.905761	5.592640
141.880074	-5.834786	5.592640
141.882975	-5.763809	5.592640
141.885840	-5.692831	5.592640
141.888670	-5.621851	5.592640
141.891465	-5.550870	5.592640
141.894224	-5.479888	5.592640
141.896948	-5.408904	5.592640
141.899636	-5.337919	5.592640
141.902288	-5.266932	5.592640
141.904905	-5.195945	5.592640
141.907487	-5.124956	5.592640
141.910033	-5.053965	5.592640
141.912543	-4.982974	5.592640
141.915018	-4.911981	5.592640
141.917458	-4.840987	5.592640
141.919862	-4.769991	5.592640
141.922230	-4.698995	5.592640
141.924563	-4.627997	5.592640
141.926861	-4.556998	5.592640
141.929123	-4.485998	5.592640
141.931349	-4.414997	5.592640
141.933540	-4.343995	5.592640
141.935695	-4.272992	5.592640
141.937815	-4.201987	5.592640
141.939899	-4.130982	5.592640
141.941948	-4.059975	5.592640
141.943961	-3.988968	5.592640
141.945939	-3.917959	5.592640
141.947881	-3.846950	5.592640
141.949788	-3.775939	5.592640
141.951659	-3.704928	5.592640
141.953495	-3.633916	5.592640
141.955295	-3.562903	5.592640
141.957059	-3.491888	5.592640
141.958788	-3.420874	5.592640
141.960482	-3.349858	5.592640
141.962140	-3.278841	5.592640
141.963763	-3.207824	5.592640
141.965349	-3.136805	5.592640
141.966901	-3.065786	5.592640
141.968417	-2.994766	5.592640
141.969897	-2.923746	5.592640
141.971342	-2.852724	5.592640
141.972751	-2.781702	5.592640
141.974125	-2.710680	5.592640
141.975463	-2.639656	5.592640
141.976766	-2.568632	5.592640
141.978033	-2.497608	5.592640
141.979265	-2.426582	5.592640
141.980461	-2.355556	5.592640
141.981622	-2.284530	5.592640
141.982747	-2.213503	5.592640
141.983836	-2.142475	5.592640
141.984890	-2.071447	5.592640
141.985909	-2.000418	5.592640
141.986892	-1.929389	5.592640
141.987839	-1.858359	5.592640
141.988751	-1.787329	5.592640
141.989628	-1.716298	5.592640
141.990468	-1.645267	5.592640
141.991274	-1.574236	5.592640
141.992043	-1.503204	5.592640
141.992778	-1.432172	5.592640
141.993476	-1.361139	5.592640
141.994139	-1.290106	5.592640
141.994767	-1.219073	5.592640
141.995359	-1.148040	5.592640
141.995916	-1.077006	5.592640
141.996437	-1.005972	5.592640
141.996922	-0.934937	5.592640
141.997372	-0.863903	5.592640
141.997786	-0.792868	5.592640
141.998165	-0.721833	5.592640
141.998509	-0.650798	5.592640
141.998816	-0.579762	5.592640
141.999089	-0.508727	5.592640
141.999325	-0.437691	5.592640
141.999527	-0.366656	5.592640
141.999692	-0.295620	5.592640
141.999822	-0.224584	5.592640
141.999917	-0.153548	5.592640
141.999976	-0.082512	5.592640
142.000000	-0.011476	5.592640
141.999988	0.059560	5.592640
141.999940	0.130596	5.592640
141.999857	0.201632	5.592640
141.999738	0.272668	5.592640
141.999584	0.343704	5.592640
141.999394	0.414740	5.592640
141.999169	0.485775	5.592640
141.998908	0.556811	5.592640
141.998612	0.627846	5.592640
141.998280	0.698881	5.592640
141.997913	0.769916	5.592640
141.997510	0.840951	5.592640
141.997071	0.911986	5.592640
141.996597	0.983020	5.592640
141.996088	1.054055	5.592640
141.995543	1.125089	5.592640
141.994962	1.196122	5.592640
141.994346	1.267155	5.592640
141.993694	1.338189	5.592640
141.993007	1.409221	5.592640
141.992284	1.480254	5.592640
141.991526	1.551286	5.592640
141.990732	1.622317	5.592640
141.989903	1.693348	5.592640
141.989038	1.764379	5.592640
141.988138	1.835409	5.592640
141.987202	1.906439	5.592640
141.986230	1.977469	5.592640
141.985223	2.048497	5.592640
141.984181	2.119526	5.592640
141.983103	2.190554	5.592640
141.981989	2.261581	5.592640
141.980840	2.332608	5.592640
141.979655	2.403634	5.592640
141.978435	2.474659	5.592640
141.977179	2.545684	5.592640
141.975888	2.616708	5.592640
141.974561	2.687732	5.592640
141.973199	2.758755	5.592640
141.971801	2.829777	5.592640
141.970368	2.900799	5.592640
141.968899	2.971820	5.592640
141.967395	3.042840	5.592640
141.965855	3.113859	5.592640
141.964279	3.184878	5.592640
141.962668	3.255895	5.592640
141.961022	3.326912	5.592640
141.959340	3.397928	5.592640
141.957622	3.468944	5.592640
141.955869	3.539958	5.592640
141.954080	3.610971	5.592640
141.952256	3.681984	5.592640
141.950396	3.752996	5.592640
141.948501	3.824006	5.592640
141.946570	3.895016	5.592640
141.944604	3.966025	5.592640
141.942602	4.037033	5.592640
141.940565	4.108040	5.592640
141.938492	4.179045	5.592640
141.936384	4.250050	5.592640
141.934240	4.321054	5.592640
141.932061	4.392056	5.592640
141.929846	4.463058	5.592640
141.927595	4.534058	5.592640
141.925309	4.605057	5.592640
141.922988	4.676055	5.592640
141.920631	4.747052	5.592640
141.918238	4.818048	5.592640
141.915810	4.889042	5.592640
141.913347	4.960036	5.592640
141.910848	5.031028	5.592640
141.908313	5.102019	5.592640
141.905743	5.173008	5.592640
141.903138	5.243996	5.592640
141.900497	5.314983	5.592640
141.897820	5.385969	5.592640
141.895108	5.456953	5.592640
141.892360	5.527936	5.592640
141.889577	5.598917	5.592640
141.886759	5.669897	5.592640
141.883904	5.740876	5.592640
141.881015	5.811853	5.592640
141.878090	5.882829	5.592640
141.875129	5.953803	5.592640
141.872133	6.024776	5.592640
141.869101	6.095747	5.592640
141.866034	6.166717	5.592640
141.862931	6.237685	5.592640
141.859793	6.308652	5.592640
141.856619	6.379617	5.592640
141.853410	6.450581	5.592640
141.850166	6.521542	5.592640
141.846885	6.592503	5.592640
141.843570	6.663461	5.592640
141.840219	6.734418	5.592640
141.836832	6.805373	5.592640
141.833410	6.876327	5.592640
141.829952	6.947279	5.592640
141.826459	7.018229	5.592640
141.822930	7.089177	5.592640
141.819366	7.160124	5.592640
141.815767	7.231068	5.592640
141.812131	7.302011	5.592640
141.808461	7.372953	5.592640
141.804755	7.443892	5.592640
141.801013	7.514829	5.592640
141.797236	7.585765	5.592640
141.793424	7.656698	5.592640
141.789576	7.727630	5.592640
141.785692	7.798560	5.592640
141.781773	7.869488	5.592640
141.777819	7.940414	5.592640
141.773829	8.011337	5.592640
141.769803	8.082259	5.592640
141.765742	8.153179	5.592640
141.761646	8.224097	5.592640
141.757514	8.295013	5.592640
141.753347	8.365926	5.592640
141.749144	8.436838	5.592640
141.744905	8.507747	5.592640
141.740632	8.578655	5.592640
141.736322	8.649560	5.592640
141.731978	8.720463	5.592640
141.727598	8.791364	5.592640
141.723182	8.862262	5.592640
141.718731	8.933159	5.592640
141.714244	9.004053	5.592640
141.709722	9.074945	5.592640
141.705165	9.145835	5.592640
141.700572	9.216722	5.592640
141.695943	9.287607	5.592640
141.691279	9.358490	5.592640
141.686580	9.429370	5.592640
141.681845	9.500248	5.592640
141.677075	9.571124	5.592640
141.672269	9.641997	5.592640
141.667428	9.712868	5.592640
141.662552	9.783736	5.592640
141.657639	9.854602	5.592640
141.652692	9.925466	5.592640
141.647709	9.996327	5.592640
141.642691	10.067185	5.592640
141.637637	10.138041	5.592640
141.632547	10.208895	5.592640
141.627423	10.279746	5.592640
141.622262	10.350594	5.592640
141.617067	10.421440	5.592640
141.611836	10.492283	5.592640
141.606569	10.563124	5.592640
141.601267	10.633961	5.592640
141.595930	10.704797	5.592640
141.590557	10.775629	5.592640
141.585149	10.846459	5.592640
141.579705	10.917286	5.592640
141.574226	10.988111	5.592640
141.568711	11.058932	5.592640
141.563161	11.129751	5.592640
141.557576	11.200567	5.592640
141.551955	11.271380	5.592640
141.546299	11.342191	5.592640
141.540607	11.412998	5.592640
141.534880	11.483803	5.592640
141.529117	11.554605	5.592640
141.523320	11.625404	5.592640
141.517486	11.696200	5.592640
141.511617	11.766993	5.592640
141.505713	11.837784	5.592640
141.499774	11.908571	5.592640
141.493799	11.979355	5.592640
141.487788	12.050136	5.592640
141.481742	12.120915	5.592640
141.475661	12.191690	5.592640
141.469545	12.262462	5.592640
141.463392	12.333231	5.592640
141.457205	12.403997	5.592640
141.450982	12.474760	5.592640
141.444724	12.545520	5.592640
141.438430	12.616277	5.592640
141.432101	12.687030	5.592640
141.425737	12.757780	5.592640
141.419337	12.828528	5.592640
141.412902	12.899272	5.592640
141.406431	12.970012	5.592640
141.399925	13.040750	5.592640
141.393384	13.111484	5.592640
141.386807	13.182215	5.592640
141.380195	13.252942	5.592640
141.373547	13.323667	5.592640
141.366865	13.394388	5.592640
141.360146	13.465105	5.592640
141.353393	13.535819	5.592640
141.346604	13.606530	5.592640
141.339779	13.677238	5.592640
141.332919	13.747942	5.592640
141.326024	13.818642	5.592640
141.319094	13.889339	5.592640
141.312128	13.960033	5.592640
141.305127	14.030723	5.592640
141.298090	14.101410	5.592640
141.291018	14.172093	5.592640
141.283911	14.242773	5.592640
141.276768	14.313449	5.592640
141.269590	14.384121	5.592640
141.262377	14.454790	5.592640
141.255128	14.525455	5.592640
141.247844	14.596117	5.592640
141.240524	14.666775	5.592640
141.233170	14.737429	5.592640
141.225779	14.808079	5.592640
141.218354	14.878726	5.592640
141.210893	14.949369	5.592640
141.203397	15.020009	5.592640
141.195866	15.090644	5.592640
141.188299	15.161276	5.592640
141.180697	15.231904	5.592640
141.173059	15.302528	5.592640
141.165386	15.373149	5.592640
141.157678	15.443765	5.592640
141.149935	15.514378	5.592640
141.142156	15.584987	5.592640
141.134342	15.655592	5.592640
141.126492	15.726193	5.592640
141.118608	15.796790	5.592640
141.110688	15.867383	5.592640
141.102732	15.937972	5.592640
141.094742	16.008557	5.592640
141.086716	16.079139	5.592640
141.078654	16.149716	5.592640
141.070558	16.220289	5.592640
141.062426	16.290858	5.592640
141.054259	16.361423	5.592640
141.046056	16.431984	5.592640
141.037818	16.502540	5.592640
141.029545	16.573093	5.592640
141.021237	16.643641	5.592640
141.012893	16.714186	5.592640
141.004514	16.784726	5.592640
140.996100	16.855262	5.592640
140.987650	16.925793	5.592640
140.979165	16.996321	5.592640
140.970645	17.066844	5.592640
140.962090	17.137363	5.592640
140.953499	17.207878	5.592640
140.944873	17.278388	5.592640
140.936212	17.348894	5.592640
140.927516	17.419396	5.592640
140.918784	17.489893	5.592640
140.910017	17.560386	5.592640
140.901215	17.630874	5.592640
140.892377	17.701359	5.592640
140.883504	17.771838	5.592640
140.874596	17.842314	5.592640
140.865653	17.912784	5.592640
140.856674	17.983251	5.592640
140.847660	18.053712	5.592640
140.838611	18.124170	5.592640
140.829527	18.194622	5.592640
140.820408	18.265071	5.592640
140.811253	18.335514	5.592640
140.802063	18.405953	5.592640
140.792838	18.476388	5.592640
140.783577	18.546818	5.592640
140.774281	18.617243	5.592640
140.764950	18.687663	5.592640
140.755584	18.758079	5.592640
140.746183	18.828490	5.592640
140.736746	18.898897	5.592640
140.727274	18.969298	5.592640
140.717767	19.039695	5.592640
140.708225	19.110088	5.592640
140.698647	19.180475	5.592640
140.689035	19.250858	5.592640
140.679387	19.321235	5.592640
140.669704	19.391608	5.592640
140.659985	19.461976	5.592640
140.650232	19.532340	5.592640
140.640443	19.602698	5.592640
140.630619	19.673051	5.592640
140.620760	19.743400	5.592640
140.610866	19.813743	5.592640
140.600936	19.884082	5.592640
140.590972	19.954416	5.592640
140.580972	20.024744	5.592640
140.570937	20.095068	5.592640
140.560866	20.165387	5.592640
140.550761	20.235700	5.592640
140.540621	20.306009	5.592640
140.530445	20.376312	5.592640
140.520234	20.446610	5.592640
140.509988	20.516903	5.592640
140.499707	20.587192	5.592640
140.489390	20.657474	5.592640
140.479039	20.727752	5.592640
140.468652	20.798025	5.592640
140.458230	20.868292	5.592640
