12.9536
19.5192
21.3059
22.0867
22.0973
22.0994
22.4156
22.6131
22.8108
22.5347
22.3323
22.4338
22.5654
22.5283
22.1631
22.1621
22.3873
22.5511
22.5522
22.3434
22.325
22.2944
22.0651
22.0661
22.0429
21.9589
21.9582
22.091
22.5693
22.5699
22.5612
22.5083
22.5086
22.5081
22.4462
22.4456
22.4457
22.4023
22.3892
22.3896
22.0661
21.7482
21.7476
21.7551
21.7885
21.7877
21.7869
21.8485
21.8617
21.8627
21.8895
21.9371
21.9351
21.9361
22.0244
22.0336
22.0346
22.0606
22.1056
22.1068
22.1046
21.7816
21.7056
21.7067
21.7483
21.8732
21.8754
21.8743
22.0174
22.0788
22.0797
22.1126
22.2786
22.2778
22.277
22.1799
22.1383
22.1378
21.6559
20.7848
20.7844
20.5305
19.1089
19.1068
18.9143
17.7393
17.7361
17.5158
17.1479
17.1442
17.8928
17.9875
19.2881
19.781
21.2919
21.6783
22.0195
22.0221
21.7484
17.056