21.1906
11.0637
5.18826
6.46739
7.17533
7.22861
6.62164
5.97074
5.32232
4.51243
3.92014
3.77931
3.59629
3.59205
3.55607
3.55713
3.55196
3.54792
3.54683
3.54868
3.54738
3.5458
3.53603
3.53508
3.53244
3.5216
3.52235
3.51962
3.51128
3.51089
3.50789
3.48819
3.48819
3.48819
3.46741
3.46784
3.46739
3.44912
3.4455
3.4446
3.42904
3.41403
3.41535
3.41093
3.39059
3.39235
3.3941
3.37738
3.37833
3.37624
3.37471
3.37139
3.37606
3.37374
3.37286
3.37912
3.37668
3.38226
3.39374
3.39134
3.39616
3.38196
3.38468
3.38251
3.3549
3.27087
3.2674
3.26915
3.07387
2.98985
2.98863
2.97177
2.88074
2.88135
2.88196
3.74279
4.09386
4.09295
4.95047
6.4904
6.49355
6.71595
7.97517
7.97916
8.17425
9.38838
9.39308
9.92597
10.8142
10.8202
10.6687
10.6435
9.00838
8.38804
6.47923
5.81632
5.00062
4.22369
4.23755
9.81098