530202
39980.5
17662.1
15434.1
14608.1
13878.5
12963.4
12334.7
11708.4
10831.1
10189.3
9955.79
9652.23
9637.13
9499.44
9501.11
9460.37
9430.36
9428.73
9391.52
9385.78
9378.75
9328.77
9327.49
9315.89
9271.59
9272.5
9262.42
9227.31
9227.04
9218.68
9164.64
9165.05
9164.24
9103.43
9104.86
9103.71
9056.49
9046.47
9044.55
9008.99
8974.38
8977
8966.94
8919.63
8922.96
8926.24
8882.89
8881.18
8877.36
8866.25
8845.1
8853.49
8849.33
8820.2
8827.54
8823.23
8819.76
8816.61
8812.44
8820.81
8798.72
8804.17
8800.41
8788.63
8752.21
8746.08
8749.18
8635.81
8590.64
8588.41
8579.64
8523.01
8524.3
8525.6
9130.9
9377.5
9377.14
9890.95
10809
10811.2
10896.8
11379.7
11382.3
11456.8
11926.1
11929.3
12414.5
13221.7
13226.3
14477.7
14622.4
15008.1
15147.2
15210.4
15366.3
15782.4
16966.4
25554.6
678660