0.142314
0.142942
0.143533
0.144187
0.144808
0.145286
0.146061
0.146612
0.147162
0.147878
0.148402
0.148996
0.149769
0.149908
0.15125
0.15125
0.152165
0.15283
0.15283
0.15435
0.154495
0.154701
0.156234
0.156234
0.156619
0.158034
0.158034
0.158435
0.159887
0.159887
0.16015
0.161786
0.161786
0.161786
0.163706
0.163726
0.163726
0.165263
0.165704
0.165704
0.166721
0.167717
0.167718
0.168078
0.169763
0.169764
0.169764
0.171415
0.171842
0.171843
0.172605
0.173951
0.173951
0.173951
0.175833
0.176085
0.176086
0.176869
0.17824
0.178241
0.178241
0.180009
0.18041
0.18041
0.180957
0.182581
0.182582
0.182582
0.184082
0.184741
0.184741
0.185104
0.186872
0.186872
0.186872
0.188349
0.188949
0.18895
0.189664
0.19095
0.190951
0.191238
0.192845
0.192846
0.193097
0.194607
0.194607
0.195208
0.196209
0.196209
0.197474
0.197627
0.198512
0.198845
0.199752
0.200187
0.200819
0.201456
0.20206
0.202694