0.178259
0.384977
0.464083
0.437978
0.261175
0.158013
0.135833
0.0353037
-0.0652319
-0.0344021
-0.0112007
0.0281797
0.0795883
0.0827411
0.106233
0.104852
0.149961
0.183025
0.184407
-0.0989448
-0.124155
-0.114133
-0.0417861
-0.0405223
0.0152133
0.220929
0.219851
0.225085
0.24071
0.241538
0.180337
-0.200512
-0.199982
-0.201037
-0.290424
-0.290724
-0.290895
-0.606223
-0.697213
-0.697037
-0.679197
-0.662631
-0.663103
-0.616962
-0.403784
-0.40448
-0.405171
-0.372454
-0.366425
-0.365612
-0.376728
-0.396777
-0.39851
-0.397645
-0.457385
-0.467856
-0.466968
-0.57824
-0.774
-0.773111
-0.774888
-0.816133
-0.827824
-0.82699
-0.788724
-0.675175
-0.673719
-0.674453
-0.759205
-0.797604
-0.797132
-0.82808
-0.979277
-0.979226
-0.979175
-1.21902
-1.31723
-1.31644
-1.25285
-1.13973
-1.14116
-1.00403
-0.2531
-0.254768
-0.187208
0.209867
0.207957
0.192692
0.170041
0.16783
0.150179
0.151383
0.310759
0.372442
0.481746
0.482435
0.436353
0.314854
0.207019
0.00166878