-38.2186
-54.1357
-57.0651
-56.006
-54.6504
-54.0667
-54.2803
-55.1369
-55.9898
-56.4055
-56.7092
-56.5991
-56.4554
-56.4093
-55.9567
-55.9552
-55.6401
-55.4114
-55.4132
-54.9029
-54.8567
-54.7905
-54.2939
-54.2956
-54.1739
-53.7288
-53.7276
-53.6034
-53.1505
-53.1516
-53.0731
-52.5862
-52.5868
-52.5858
-52.0151
-52.0093
-52.0093
-51.5737
-51.4476
-51.4481
-51.1646
-50.8849
-50.8841
-50.7853
-50.3202
-50.3191
-50.318
-49.8742
-49.755
-49.7564
-49.5528
-49.1925
-49.1898
-49.1912
-48.6904
-48.6197
-48.6211
-48.4115
-48.043
-48.0445
-48.0417
-47.5746
-47.4648
-47.4662
-47.3328
-46.9385
-46.941
-46.9399
-46.6959
-46.5887
-46.5895
-46.5255
-46.2243
-46.2241
-46.2238
-45.0717
-44.6021
-44.6032
-43.6739
-41.9983
-41.9954
-41.8724
-41.1625
-41.1588
-41.24
-41.6902
-41.6871
-41.5008
-41.1861
-41.1828
-39.6097
-39.4239
-38.775
-38.5349
-38.5412
-38.5486
-38.5277
-38.4788
-38.6234
-30.9502