629	1
140.396723	-21.278165	-18.253310
140.407349	-21.207928	-18.253310
140.417941	-21.137686	-18.253310
140.428498	-21.067439	-18.253310
140.439019	-20.997187	-18.253310
140.449506	-20.926929	-18.253310
140.459957	-20.856666	-18.253310
140.470373	-20.786398	-18.253310
140.480754	-20.716124	-18.253310
140.491100	-20.645846	-18.253310
140.501410	-20.575562	-18.253310
140.511686	-20.505273	-18.253310
140.521926	-20.434979	-18.253310
140.532131	-20.364680	-18.253310
140.542301	-20.294376	-18.253310
140.552436	-20.224066	-18.253310
140.562535	-20.153752	-18.253310
140.572600	-20.083433	-18.253310
140.582629	-20.013108	-18.253310
140.592623	-19.942779	-18.253310
140.602582	-19.872444	-18.253310
140.612505	-19.802105	-18.253310
140.622394	-19.731760	-18.253310
140.632247	-19.661411	-18.253310
140.642065	-19.591057	-18.253310
140.651848	-19.520698	-18.253310
140.661596	-19.450334	-18.253310
140.671308	-19.379965	-18.253310
140.680986	-19.309591	-18.253310
140.690628	-19.239212	-18.253310
140.700235	-19.168829	-18.253310
140.709806	-19.098441	-18.253310
140.719343	-19.028048	-18.253310
140.728844	-18.957650	-18.253310
140.738310	-18.887248	-18.253310
140.747741	-18.816840	-18.253310
140.757136	-18.746428	-18.253310
140.766497	-18.676012	-18.253310
140.775822	-18.605591	-18.253310
140.785112	-18.535165	-18.253310
140.794366	-18.464734	-18.253310
140.803586	-18.394299	-18.253310
140.812770	-18.323859	-18.253310
140.821919	-18.253415	-18.253310
140.831033	-18.182966	-18.253310
140.840111	-18.112512	-18.253310
140.849154	-18.042054	-18.253310
140.858162	-17.971592	-18.253310
140.867135	-17.901125	-18.253310
140.876073	-17.830653	-18.253310
140.884975	-17.760177	-18.253310
140.893842	-17.689697	-18.253310
140.902673	-17.619212	-18.253310
140.911470	-17.548722	-18.253310
140.920231	-17.478229	-18.253310
140.928957	-17.407731	-18.253310
140.937648	-17.337228	-18.253310
140.946303	-17.266722	-18.253310
140.954923	-17.196211	-18.253310
140.963508	-17.125695	-18.253310
140.972057	-17.055176	-18.253310
140.980572	-16.984652	-18.253310
140.989051	-16.914123	-18.253310
140.997494	-16.843591	-18.253310
141.005903	-16.773054	-18.253310
141.014276	-16.702514	-18.253310
141.022614	-16.631969	-18.253310
141.030916	-16.561420	-18.253310
141.039184	-16.490866	-18.253310
141.047416	-16.420309	-18.253310
141.055612	-16.349747	-18.253310
141.063774	-16.279182	-18.253310
141.071900	-16.208612	-18.253310
141.079991	-16.138038	-18.253310
141.088046	-16.067460	-18.253310
141.096066	-15.996879	-18.253310
141.104051	-15.926293	-18.253310
141.112000	-15.855703	-18.253310
141.119915	-15.785109	-18.253310
141.127794	-15.714512	-18.253310
141.135637	-15.643910	-18.253310
141.143445	-15.573304	-18.253310
141.151218	-15.502695	-18.253310
141.158956	-15.432081	-18.253310
141.166658	-15.361464	-18.253310
141.174325	-15.290843	-18.253310
141.181957	-15.220218	-18.253310
141.189553	-15.149590	-18.253310
141.197114	-15.078957	-18.253310
141.204640	-15.008321	-18.253310
141.212130	-14.937681	-18.253310
141.219585	-14.867037	-18.253310
141.227005	-14.796390	-18.253310
141.234389	-14.725739	-18.253310
141.241738	-14.655084	-18.253310
141.249051	-14.584425	-18.253310
141.256330	-14.513763	-18.253310
141.263573	-14.443097	-18.253310
141.270780	-14.372428	-18.253310
141.277952	-14.301755	-18.253310
141.285089	-14.231078	-18.253310
141.292191	-14.160398	-18.253310
141.299257	-14.089714	-18.253310
141.306287	-14.019027	-18.253310
141.313283	-13.948336	-18.253310
141.320243	-13.877642	-18.253310
141.327168	-13.806944	-18.253310
141.334057	-13.736243	-18.253310
141.340911	-13.665539	-18.253310
141.347729	-13.594831	-18.253310
141.354512	-13.524119	-18.253310
141.361260	-13.453405	-18.253310
141.367973	-13.382686	-18.253310
141.374650	-13.311965	-18.253310
141.381291	-13.241240	-18.253310
141.387898	-13.170512	-18.253310
141.394469	-13.099780	-18.253310
141.401004	-13.029046	-18.253310
141.407504	-12.958308	-18.253310
141.413969	-12.887566	-18.253310
141.420398	-12.816822	-18.253310
141.426792	-12.746074	-18.253310
141.433151	-12.675323	-18.253310
141.439474	-12.604569	-18.253310
141.445762	-12.533812	-18.253310
141.452014	-12.463052	-18.253310
141.458231	-12.392289	-18.253310
141.464413	-12.321522	-18.253310
141.470559	-12.250752	-18.253310
141.476670	-12.179980	-18.253310
141.482745	-12.109204	-18.253310
141.488785	-12.038425	-18.253310
141.494790	-11.967643	-18.253310
141.500759	-11.896859	-18.253310
141.506693	-11.826071	-18.253310
141.512591	-11.755280	-18.253310
141.518454	-11.684486	-18.253310
141.524281	-11.613690	-18.253310
141.530073	-11.542890	-18.253310
141.535830	-11.472088	-18.253310
141.541551	-11.401283	-18.253310
141.547237	-11.330475	-18.253310
141.552888	-11.259664	-18.253310
141.558503	-11.188850	-18.253310
141.564082	-11.118034	-18.253310
141.569626	-11.047214	-18.253310
141.575135	-10.976392	-18.253310
141.580608	-10.905567	-18.253310
141.586046	-10.834740	-18.253310
141.591448	-10.763909	-18.253310
141.596815	-10.693076	-18.253310
141.602147	-10.622241	-18.253310
141.607443	-10.551402	-18.253310
141.612704	-10.480561	-18.253310
141.617929	-10.409718	-18.253310
141.623119	-10.338872	-18.253310
141.628273	-10.268023	-18.253310
141.633392	-10.197172	-18.253310
141.638475	-10.126318	-18.253310
141.643523	-10.055461	-18.253310
141.648536	-9.984602	-18.253310
141.653513	-9.913741	-18.253310
141.658455	-9.842877	-18.253310
141.663361	-9.772011	-18.253310
141.668232	-9.701142	-18.253310
141.673067	-9.630271	-18.253310
141.677867	-9.559397	-18.253310
141.682631	-9.488521	-18.253310
141.687360	-9.417642	-18.253310
141.692054	-9.346762	-18.253310
141.696712	-9.275878	-18.253310
141.701334	-9.204993	-18.253310
141.705921	-9.134105	-18.253310
141.710473	-9.063215	-18.253310
141.714989	-8.992323	-18.253310
141.719470	-8.921428	-18.253310
141.723915	-8.850532	-18.253310
141.728325	-8.779633	-18.253310
141.732699	-8.708731	-18.253310
141.737038	-8.637828	-18.253310
141.741341	-8.566922	-18.253310
141.745609	-8.496015	-18.253310
141.749842	-8.425105	-18.253310
141.754039	-8.354193	-18.253310
141.758200	-8.283279	-18.253310
141.762326	-8.212363	-18.253310
141.766417	-8.141445	-18.253310
141.770472	-8.070525	-18.253310
141.774491	-7.999602	-18.253310
141.778475	-7.928678	-18.253310
141.782424	-7.857752	-18.253310
141.786337	-7.786824	-18.253310
141.790215	-7.715894	-18.253310
141.794057	-7.644962	-18.253310
141.797864	-7.574028	-18.253310
141.801635	-7.503092	-18.253310
141.805370	-7.432154	-18.253310
141.809071	-7.361215	-18.253310
141.812735	-7.290273	-18.253310
141.816365	-7.219330	-18.253310
141.819958	-7.148385	-18.253310
141.823517	-7.077438	-18.253310
141.827039	-7.006490	-18.253310
141.830527	-6.935539	-18.253310
141.833978	-6.864587	-18.253310
141.837395	-6.793633	-18.253310
141.840776	-6.722678	-18.253310
141.844121	-6.651721	-18.253310
141.847431	-6.580762	-18.253310
141.850705	-6.509801	-18.253310
141.853944	-6.438839	-18.253310
141.857147	-6.367875	-18.253310
141.860315	-6.296910	-18.253310
141.863447	-6.225943	-18.253310
141.866544	-6.154975	-18.253310
141.869605	-6.084005	-18.253310
141.872631	-6.013033	-18.253310
141.875621	-5.942060	-18.253310
141.878576	-5.871085	-18.253310
141.881495	-5.800109	-18.253310
141.884379	-5.729132	-18.253310
141.887227	-5.658153	-18.253310
141.890040	-5.587173	-18.253310
141.892817	-5.516191	-18.253310
141.895559	-5.445208	-18.253310
141.898265	-5.374224	-18.253310
141.900936	-5.303238	-18.253310
141.903571	-5.232251	-18.253310
141.906171	-5.161262	-18.253310
141.908735	-5.090273	-18.253310
141.911264	-5.019282	-18.253310
141.913757	-4.948289	-18.253310
141.916215	-4.877296	-18.253310
141.918637	-4.806301	-18.253310
141.921023	-4.735305	-18.253310
141.923375	-4.664308	-18.253310
141.925690	-4.593310	-18.253310
141.927970	-4.522310	-18.253310
141.930215	-4.451310	-18.253310
141.932424	-4.380308	-18.253310
141.934597	-4.309305	-18.253310
141.936735	-4.238302	-18.253310
141.938838	-4.167297	-18.253310
141.940905	-4.096291	-18.253310
141.942936	-4.025284	-18.253310
141.944932	-3.954276	-18.253310
141.946892	-3.883267	-18.253310
141.948817	-3.812257	-18.253310
141.950707	-3.741246	-18.253310
141.952560	-3.670234	-18.253310
141.954379	-3.599222	-18.253310
141.956161	-3.528208	-18.253310
141.957909	-3.457193	-18.253310
141.959620	-3.386178	-18.253310
141.961296	-3.315162	-18.253310
141.962937	-3.244145	-18.253310
141.964542	-3.173127	-18.253310
141.966112	-3.102108	-18.253310
141.967646	-3.031089	-18.253310
141.969145	-2.960069	-18.253310
141.970608	-2.889048	-18.253310
141.972035	-2.818026	-18.253310
141.973427	-2.747004	-18.253310
141.974783	-2.675981	-18.253310
141.976104	-2.604957	-18.253310
141.977390	-2.533932	-18.253310
141.978640	-2.462907	-18.253310
141.979854	-2.391882	-18.253310
141.981033	-2.320856	-18.253310
141.982176	-2.249829	-18.253310
141.983284	-2.178801	-18.253310
141.984356	-2.107773	-18.253310
141.985392	-2.036745	-18.253310
141.986394	-1.965716	-18.253310
141.987359	-1.894687	-18.253310
141.988289	-1.823657	-18.253310
141.989184	-1.752626	-18.253310
141.990043	-1.681595	-18.253310
141.990866	-1.610564	-18.253310
141.991654	-1.539533	-18.253310
141.992407	-1.468501	-18.253310
141.993123	-1.397468	-18.253310
141.993805	-1.326435	-18.253310
141.994450	-1.255402	-18.253310
141.995061	-1.184369	-18.253310
141.995635	-1.113335	-18.253310
141.996175	-1.042301	-18.253310
141.996678	-0.971267	-18.253310
141.997146	-0.900233	-18.253310
141.997579	-0.829198	-18.253310
141.997976	-0.758163	-18.253310
141.998338	-0.687128	-18.253310
141.998663	-0.616093	-18.253310
141.998954	-0.545057	-18.253310
141.999209	-0.474022	-18.253310
141.999428	-0.402986	-18.253310
141.999612	-0.331950	-18.253310
141.999760	-0.260914	-18.253310
141.999873	-0.189878	-18.253310
141.999950	-0.118842	-18.253310
141.999992	-0.047806	-18.253310
141.999998	0.023230	-18.253310
141.999969	0.094266	-18.253310
141.999904	0.165302	-18.253310
141.999803	0.236337	-18.253310
141.999667	0.307373	-18.253310
141.999496	0.378409	-18.253310
141.999289	0.449445	-18.253310
141.999046	0.520480	-18.253310
141.998768	0.591516	-18.253310
141.998454	0.662551	-18.253310
141.998105	0.733586	-18.253310
141.997720	0.804621	-18.253310
141.997300	0.875656	-18.253310
141.996844	0.946691	-18.253310
141.996353	1.017725	-18.253310
141.995826	1.088759	-18.253310
141.995264	1.159793	-18.253310
141.994666	1.230826	-18.253310
141.994032	1.301860	-18.253310
141.993363	1.372892	-18.253310
141.992659	1.443925	-18.253310
141.991918	1.514957	-18.253310
141.991143	1.585989	-18.253310
141.990332	1.657020	-18.253310
141.989485	1.728051	-18.253310
141.988603	1.799082	-18.253310
141.987685	1.870112	-18.253310
141.986732	1.941141	-18.253310
141.985743	2.012171	-18.253310
141.984718	2.083199	-18.253310
141.983659	2.154227	-18.253310
141.982563	2.225255	-18.253310
141.981432	2.296282	-18.253310
141.980266	2.367308	-18.253310
141.979064	2.438334	-18.253310
141.977826	2.509359	-18.253310
141.976553	2.580384	-18.253310
141.975244	2.651408	-18.253310
141.973900	2.722431	-18.253310
141.972521	2.793454	-18.253310
141.971105	2.864476	-18.253310
141.969655	2.935497	-18.253310
141.968168	3.006517	-18.253310
141.966647	3.077537	-18.253310
141.965089	3.148556	-18.253310
141.963497	3.219574	-18.253310
141.961868	3.290592	-18.253310
141.960204	3.361608	-18.253310
141.958505	3.432624	-18.253310
141.956770	3.503639	-18.253310
141.954999	3.574653	-18.253310
141.953193	3.645666	-18.253310
141.951352	3.716678	-18.253310
141.949475	3.787689	-18.253310
141.947562	3.858699	-18.253310
141.945614	3.929708	-18.253310
141.943631	4.000717	-18.253310
141.941611	4.071724	-18.253310
141.939557	4.142730	-18.253310
141.937467	4.213736	-18.253310
141.935341	4.284740	-18.253310
141.933180	4.355743	-18.253310
141.930983	4.426745	-18.253310
141.928751	4.497746	-18.253310
141.926483	4.568746	-18.253310
141.924180	4.639744	-18.253310
141.921841	4.710742	-18.253310
141.919467	4.781738	-18.253310
141.917057	4.852733	-18.253310
141.914611	4.923727	-18.253310
141.912130	4.994720	-18.253310
141.909614	5.065711	-18.253310
141.907062	5.136701	-18.253310
141.904475	5.207690	-18.253310
141.901852	5.278678	-18.253310
141.899193	5.349664	-18.253310
141.896499	5.420649	-18.253310
141.893770	5.491633	-18.253310
141.891005	5.562615	-18.253310
141.888205	5.633596	-18.253310
141.885369	5.704575	-18.253310
141.882497	5.775553	-18.253310
141.879590	5.846529	-18.253310
141.876648	5.917504	-18.253310
141.873670	5.988478	-18.253310
141.870656	6.059450	-18.253310
141.867607	6.130421	-18.253310
141.864523	6.201390	-18.253310
141.861403	6.272357	-18.253310
141.858247	6.343323	-18.253310
141.855056	6.414287	-18.253310
141.851829	6.485250	-18.253310
141.848567	6.556211	-18.253310
141.845270	6.627171	-18.253310
141.841937	6.698128	-18.253310
141.838568	6.769084	-18.253310
141.835164	6.840039	-18.253310
141.831725	6.910992	-18.253310
141.828250	6.981942	-18.253310
141.824739	7.052892	-18.253310
141.821193	7.123839	-18.253310
141.817612	7.194785	-18.253310
141.813995	7.265729	-18.253310
141.810343	7.336671	-18.253310
141.806655	7.407611	-18.253310
141.802931	7.478549	-18.253310
141.799172	7.549486	-18.253310
141.795378	7.620420	-18.253310
141.791548	7.691353	-18.253310
141.787683	7.762284	-18.253310
141.783782	7.833213	-18.253310
141.779845	7.904140	-18.253310
141.775874	7.975064	-18.253310
141.771866	8.045987	-18.253310
141.767824	8.116908	-18.253310
141.763745	8.187827	-18.253310
141.759632	8.258744	-18.253310
141.755482	8.329659	-18.253310
141.751298	8.400571	-18.253310
141.747078	8.471482	-18.253310
141.742822	8.542390	-18.253310
141.738531	8.613296	-18.253310
141.734204	8.684201	-18.253310
141.729842	8.755103	-18.253310
141.725445	8.826002	-18.253310
141.721012	8.896900	-18.253310
141.716543	8.967795	-18.253310
141.712039	9.038688	-18.253310
141.707500	9.109579	-18.253310
141.702925	9.180468	-18.253310
141.698315	9.251354	-18.253310
141.693669	9.322238	-18.253310
141.688988	9.393119	-18.253310
141.684271	9.463999	-18.253310
141.679519	9.534876	-18.253310
141.674732	9.605750	-18.253310
141.669909	9.676622	-18.253310
141.665050	9.747492	-18.253310
141.660156	9.818359	-18.253310
141.655227	9.889224	-18.253310
141.650262	9.960086	-18.253310
141.645262	10.030946	-18.253310
141.640226	10.101803	-18.253310
141.635155	10.172658	-18.253310
141.630048	10.243510	-18.253310
141.624906	10.314360	-18.253310
141.619728	10.385207	-18.253310
141.614515	10.456051	-18.253310
141.609267	10.526893	-18.253310
141.603983	10.597733	-18.253310
141.598664	10.668569	-18.253310
141.593309	10.739403	-18.253310
141.587919	10.810234	-18.253310
141.582494	10.881063	-18.253310
141.577033	10.951889	-18.253310
141.571536	11.022712	-18.253310
141.566004	11.093532	-18.253310
141.560437	11.164349	-18.253310
141.554834	11.235164	-18.253310
141.549196	11.305976	-18.253310
141.543522	11.376785	-18.253310
141.537814	11.447591	-18.253310
141.532069	11.518395	-18.253310
141.526289	11.589195	-18.253310
141.520474	11.659993	-18.253310
141.514623	11.730787	-18.253310
141.508737	11.801579	-18.253310
141.502816	11.872368	-18.253310
141.496859	11.943154	-18.253310
141.490867	12.013937	-18.253310
141.484839	12.084716	-18.253310
141.478776	12.155493	-18.253310
141.472677	12.226267	-18.253310
141.466543	12.297038	-18.253310
141.460374	12.367805	-18.253310
141.454169	12.438570	-18.253310
141.447929	12.509331	-18.253310
141.441654	12.580089	-18.253310
141.435343	12.650844	-18.253310
141.428996	12.721596	-18.253310
141.422615	12.792345	-18.253310
141.416197	12.863091	-18.253310
141.409745	12.933833	-18.253310
141.403257	13.004572	-18.253310
141.396734	13.075308	-18.253310
141.390175	13.146041	-18.253310
141.383581	13.216770	-18.253310
141.376952	13.287496	-18.253310
141.370287	13.358219	-18.253310
141.363587	13.428938	-18.253310
141.356851	13.499654	-18.253310
141.350080	13.570367	-18.253310
141.343274	13.641076	-18.253310
141.336432	13.711781	-18.253310
141.329555	13.782484	-18.253310
141.322643	13.853183	-18.253310
141.315695	13.923878	-18.253310
141.308712	13.994570	-18.253310
141.301693	14.065259	-18.253310
141.294639	14.135943	-18.253310
141.287550	14.206625	-18.253310
141.280426	14.277303	-18.253310
141.273266	14.347977	-18.253310
141.266070	14.418648	-18.253310
141.258840	14.489315	-18.253310
141.251574	14.559978	-18.253310
141.244272	14.630638	-18.253310
141.236936	14.701294	-18.253310
141.229563	14.771946	-18.253310
141.222156	14.842595	-18.253310
141.214713	14.913240	-18.253310
141.207235	14.983881	-18.253310
141.199722	15.054519	-18.253310
141.192173	15.125153	-18.253310
141.184589	15.195783	-18.253310
141.176970	15.266409	-18.253310
141.169315	15.337031	-18.253310
141.161625	15.407650	-18.253310
141.153899	15.478265	-18.253310
141.146139	15.548875	-18.253310
141.138343	15.619482	-18.253310
141.130511	15.690085	-18.253310
141.122645	15.760684	-18.253310
141.114743	15.831280	-18.253310
141.106805	15.901871	-18.253310
141.098833	15.972458	-18.253310
141.090825	16.043041	-18.253310
141.082782	16.113620	-18.253310
141.074703	16.184195	-18.253310
141.066589	16.254767	-18.253310
141.058440	16.325334	-18.253310
141.050256	16.395897	-18.253310
141.042036	16.466455	-18.253310
141.033781	16.537010	-18.253310
141.025490	16.607561	-18.253310
141.017165	16.678107	-18.253310
141.008804	16.748649	-18.253310
141.000408	16.819187	-18.253310
140.991976	16.889721	-18.253310
140.983509	16.960251	-18.253310
140.975007	17.030776	-18.253310
140.966470	17.101297	-18.253310
140.957897	17.171814	-18.253310
140.949289	17.242327	-18.253310
140.940646	17.312835	-18.253310
140.931968	17.383339	-18.253310
140.923254	17.453838	-18.253310
140.914505	17.524334	-18.253310
140.905721	17.594824	-18.253310
140.896901	17.665311	-18.253310
140.888047	17.735793	-18.253310
140.879157	17.806270	-18.253310
140.870231	17.876743	-18.253310
140.861271	17.947212	-18.253310
140.852275	18.017676	-18.253310
140.843244	18.088136	-18.253310
140.834178	18.158591	-18.253310
140.825076	18.229041	-18.253310
140.815939	18.299487	-18.253310
140.806767	18.369929	-18.253310
140.797560	18.440365	-18.253310
140.788318	18.510798	-18.253310
140.779040	18.581225	-18.253310
140.769727	18.651648	-18.253310
140.760379	18.722066	-18.253310
140.750995	18.792480	-18.253310
140.741577	18.862889	-18.253310
140.732123	18.933293	-18.253310
140.722634	19.003692	-18.253310
140.713110	19.074087	-18.253310
140.703550	19.144477	-18.253310
140.693955	19.214862	-18.253310
140.684326	19.285242	-18.253310
140.674660	19.355617	-18.253310
140.664960	19.425988	-18.253310
140.655225	19.496354	-18.253310
140.645454	19.566715	-18.253310
140.635648	19.637070	-18.253310
140.625807	19.707422	-18.253310
140.615930	19.777768	-18.253310
140.606019	19.848109	-18.253310
140.596072	19.918445	-18.253310
140.586090	19.988776	-18.253310
140.576073	20.059102	-18.253310
140.566021	20.129424	-18.253310
140.555934	20.199740	-18.253310
140.545811	20.270051	-18.253310
140.535653	20.340357	-18.253310
140.525461	20.410658	-18.253310
140.515232	20.480953	-18.253310
140.504969	20.551244	-18.253310
140.494671	20.621530	-18.253310
140.484337	20.691810	-18.253310
140.473968	20.762085	-18.253310
140.463565	20.832355	-18.253310
140.453126	20.902620	-18.253310
140.442651	20.972880	-18.253310
140.432142	21.043134	-18.253310
140.421598	21.113383	-18.253310
140.411018	21.183627	-18.253310
140.400403	21.253865	-18.253310
140.389753	21.324098	-18.253310
140.379068	21.394326	-18.253310
140.368348	21.464549	-18.253310
140.357593	21.534766	-18.253310
140.346802	21.604977	-18.253310
140.335977	21.675184	-18.253310
140.325116	21.745385	-18.253310
140.314220	21.815580	-18.253310
140.303290	21.885770	-18.253310
140.292324	21.955954	-18.253310
140.281323	22.026133	-18.253310
140.270286	22.096307	-18.253310
140.259215	22.166475	-18.253310
140.248109	22.236637	-18.253310
140.236967	22.306794	-18.253310
140.225790	22.376945	-18.253310
140.214579	22.447091	-18.253310
140.203332	22.517231	-18.253310
140.192050	22.587365	-18.253310
140.180733	22.657494	-18.253310
140.169381	22.727617	-18.253310
140.157994	22.797735	-18.253310
140.146572	22.867846	-18.253310
140.135115	22.937952	-18.253310
140.123622	23.008053	-18.253310
140.112095	23.078147	-18.253310
140.100532	23.148236	-18.253310
